"idcase" "depvar" "ic1" "ic2" "ic3" "ic4" "ic5" "oc1" "oc2" "oc3" "oc4" "oc5" "income" "agehed" "rooms" "ncost1" "scost1" "mountn" "valley"
1 1 866 962.64 859.9 995.76 1135.5 199.69 151.72 553.34 505.6 237.88 70000 25 6 1 0 0 0
2 1 727.93 758.89 796.82 894.69 968.9 168.66 168.66 520.24 486.49 199.19 50000 60 5 0 1 0 0
3 1 599.48 783.05 719.86 900.11 1048.3 165.58 137.8 439.06 404.74 171.47 40000 65 2 1 0 0 0
4 4 835.17 793.06 761.25 831.04 1048.7 180.88 147.14 483 425.22 222.95 20000 50 4 0 1 0 0
5 4 755.59 846.29 858.86 985.64 883.05 174.91 138.9 404.41 389.52 178.49 20000 25 6 0 0 0 1
6 1 666.11 841.71 693.74 862.56 859.18 135.67 140.97 398.22 371.04 209.27 60000 65 7 0 1 0 0
7 1 670.1 941.25 633.63 952.3 1086.8 191.84 147.57 478.36 445.97 236.99 40000 35 2 0 1 0 0
8 1 778.03 1022.1 813.33 1012.3 990.21 187.61 158.66 502.4 464.77 203.78 60000 20 7 0 0 0 1
9 1 928.34 1212.4 875.7 1024.8 1232.5 168.7 189.81 552.98 451.76 269.88 50000 60 6 0 1 0 0
10 1 682.88 1044.8 775.86 874.49 878.09 176.14 136.43 532.22 472.39 217.34 70000 20 2 0 1 0 0
11 1 858.26 815.69 792.29 774.69 1076 159.92 134.55 428.1 380.78 230.16 50000 60 6 0 0 1 0
12 1 1021.7 1007.1 944.35 1325 1249.6 214.8 190.79 568.33 475.72 246 70000 25 4 0 0 1 0
13 1 651.83 823.59 797.34 880.8 792.92 127.4 147.48 406.71 338.03 197.94 50000 35 3 1 0 0 0
14 2 568.44 617.43 687.18 718.72 775.54 119.45 111.86 365.92 395.14 173.53 20000 30 6 0 0 0 1
15 1 602.51 815.95 594 736.77 934.23 139.54 122.44 424.71 322.95 180.51 30000 35 2 0 0 0 1
16 2 768.08 1114.1 801.2 1092.4 1108.4 198.39 160.99 443.16 380.19 229.37 40000 35 4 0 1 0 0
17 5 723.92 929.7 821.79 969.64 1058 160.4 147.08 432.58 446.38 209.57 60000 55 2 0 1 0 0
18 5 630.81 727.37 696.89 853.82 779.94 147.92 103.69 362.99 448.43 165.22 70000 35 4 0 1 0 0
19 4 555.44 775.24 572.3 664.22 707.79 106.53 106.52 341.16 290.74 139.89 60000 65 2 1 0 0 0
20 1 899.87 1214.2 925.62 1140 1155.3 213.84 186.6 561.69 528.22 251.16 70000 50 4 1 0 0 0
21 3 657.54 892.16 788.07 799.52 1083.1 176.15 148.93 440.99 286.29 203.87 50000 40 5 0 1 0 0
22 2 761.29 1034.8 934.75 1009.5 1192.1 199.84 155.97 496.77 414.79 233.74 50000 35 4 0 1 0 0
23 1 575.07 865.23 619.65 880.97 879.44 109.94 130.64 417.32 362.24 196.12 40000 20 7 0 1 0 0
24 5 830.08 920.85 805.29 806.59 1162.8 188.69 146.41 599.15 389.6 220.51 50000 35 3 0 1 0 0
25 1 974.55 1047.2 943.05 1130.5 1196.8 206.99 174.96 577.2 510.66 217.19 40000 45 3 1 0 0 0
26 2 737.47 1042.7 882.55 1187.9 1055 207.36 145.48 527.88 455.8 265.62 20000 30 7 0 1 0 0
27 1 803.75 921.48 869.65 942.49 962.02 172.26 162.25 486.99 427.11 205.72 40000 35 7 0 1 0 0
28 3 872.17 927.82 991.82 913.32 1117.6 185.3 182.66 584.83 473.1 238.28 60000 60 4 0 1 0 0
29 3 690.95 587.58 724.01 993.25 981.73 147.89 135.81 443.82 440.21 191.44 40000 25 3 1 0 0 0
30 1 720.41 969.83 805.08 941.41 1159.4 174.76 164.62 540.32 436.33 212.74 70000 55 7 1 0 0 0
31 1 677.05 918.54 838.01 1144.4 988.94 197.23 156.81 519.27 496.69 239.64 40000 50 2 0 1 0 0
32 2 665.07 876.29 671.78 976.01 723.81 150.21 146.17 422.32 412.46 214.03 50000 45 7 1 0 0 0
33 2 974.53 1264.3 1030.3 1153.2 1271.9 186.48 194.23 600.58 550.22 248.47 30000 65 4 0 0 1 0
34 1 714.53 956.83 785.95 963.54 1091.7 201.48 170.79 535.48 472.71 235.78 50000 60 5 0 1 0 0
35 1 530.05 757.67 689.1 876.97 822.9 157.24 130.44 419.6 365.16 149.2 60000 60 4 0 1 0 0
36 1 687.34 776.77 918.92 897.8 898.21 165.15 151.81 472.24 421.59 162.02 40000 35 3 0 1 0 0
37 2 635.2 825.44 618.3 819.38 942.03 148.94 129.25 447.7 342.36 166.67 70000 30 5 0 0 1 0
38 1 651.67 847.01 891.58 1070.1 1087.4 171.33 158.73 493.19 436.25 234.78 20000 60 2 0 1 0 0
39 1 685.47 912.23 899 1060.2 1109.5 171.5 145.07 415.94 473.65 233.63 60000 45 2 0 0 0 1
40 4 790.89 1046.4 776.67 1054 1234.6 185.91 166.15 491.1 432.58 206.5 20000 65 4 0 1 0 0
41 1 785.89 1008.6 788.79 833.05 752.91 180.3 143.57 527.18 400.46 247.12 70000 50 5 0 1 0 0
42 2 943.98 1086.5 891.47 1148.3 1401.2 237.11 170.95 590.57 580.73 254.61 20000 55 2 0 0 1 0
43 1 579.96 834.61 828.73 938.83 1025.7 152.09 149.71 432.42 399.79 189.1 40000 45 2 1 0 0 0
44 1 858.84 937.65 874.67 966.34 1138.1 188.06 159.64 434.61 438.07 230.64 50000 30 5 0 1 0 0
45 1 689.48 961.55 796.43 1054.4 976.77 149.06 156.24 455.08 409.72 196.88 70000 45 4 0 0 0 1
46 1 937.94 962.07 938.58 1098.1 1124.5 183.58 162.36 486.87 466.19 232.35 60000 55 5 0 1 0 0
47 4 549.58 761.69 588.55 810.51 728.21 155.71 120.48 386.33 296.41 120.97 40000 50 4 1 0 0 0
48 1 806.58 1116.2 825.11 1143.9 1209.9 201.69 168.69 471.27 465.6 229.5 60000 35 3 1 0 0 0
49 1 773.16 1016.4 828.27 929.43 1249.9 204.12 187.77 546.9 485.04 210.02 70000 55 3 0 1 0 0
50 1 814.5 935.43 733.4 1012.7 990.96 189.52 180.21 470.23 511.62 228.67 50000 25 2 0 0 0 1
51 1 785.99 940.63 754.26 994.12 943.08 151.78 155.84 417.82 431.46 212.79 50000 20 7 1 0 0 0
52 1 955.85 944.77 836.85 1026.5 979.49 195.4 163.78 519.74 372.3 226.16 20000 30 3 0 1 0 0
53 1 879.47 1208.5 963.76 1278.3 1188.8 203.06 189.06 559.93 566.55 253.22 60000 30 6 0 1 0 0
54 1 793.47 859.34 751.67 906.09 923.25 163.62 160.47 549.81 351.46 194.17 60000 45 7 0 0 1 0
55 5 793.14 961 1021.7 1162.7 1203.3 184.05 170.22 539.79 487.35 249.01 50000 25 3 0 0 0 1
56 2 708.19 774.01 843.18 884.68 1106.2 142.82 139.45 439.7 376.64 169.36 60000 50 3 0 0 1 0
57 1 620.45 737.17 625.26 736.03 1119.4 166.47 145.17 416.16 366.49 225.75 60000 30 6 0 0 0 1
58 5 1029.1 1292 970.49 1330.1 1265.4 232.62 191.89 594.04 594.01 289.06 30000 25 4 0 1 0 0
59 1 749.66 869.27 727.13 878.61 905.96 165.91 145.12 395.2 399.87 191.88 60000 35 4 0 1 0 0
60 1 736.2 922.14 762.51 996.61 1053.5 177.04 165.5 437.1 482.21 235.23 60000 45 4 0 1 0 0
61 1 680.33 860.08 747.32 1130.9 848.91 154.82 134.91 458.55 340.95 171.98 70000 20 2 0 1 0 0
62 1 667.29 587.15 608.57 810.97 935.99 157.71 138.7 394.54 407.61 187.03 70000 25 2 1 0 0 0
63 1 882.05 1076.1 937.96 1100.5 1113.6 177.27 164.38 555.18 426.75 226.88 50000 20 6 1 0 0 0
64 1 787.53 1038.3 912.46 950.35 1167.5 186.34 165.57 487.84 465 223.02 60000 65 2 1 0 0 0
65 2 859.79 1148 805.94 1304 1121.9 192.97 181.05 523.39 462.51 226.53 20000 35 4 1 0 0 0
66 1 790.11 838.37 790.89 1115.9 1099.3 191.43 164.08 481.81 421.19 219.55 20000 30 5 0 0 0 1
67 1 787.87 793.57 743.31 856.94 891.41 174.64 160.72 408.74 393.27 209.99 50000 35 5 0 0 0 1
68 1 623.39 663.42 702.5 752.47 906.87 150.24 113.03 394.83 276.6 161.34 20000 50 7 0 1 0 0
69 2 905.25 1111.1 901.4 1197.4 1182.8 235.92 185.77 581.12 511.4 247.48 30000 35 6 0 0 0 1
70 1 784.09 968.43 971.55 1043.9 1219.9 155.01 149.54 488.99 444.21 218.31 40000 60 6 1 0 0 0
71 2 677.8 798.21 612.24 795.83 911.19 106.55 111.86 381.86 340.06 168.31 30000 55 2 0 1 0 0
72 1 787.07 916.5 780.07 946.68 1018.7 207.62 148.84 483.15 408.11 194.6 70000 20 4 0 0 0 1
73 4 717.42 784.22 776.18 824.73 797.2 171.83 133.72 404.16 410.78 198.31 40000 45 2 0 1 0 0
74 5 720.32 800.6 804.51 831.37 1000.6 154.45 148.41 436.56 466.91 233.45 50000 65 3 1 0 0 0
75 4 635.33 739 683.38 865.94 943.68 136.59 104.56 366.14 344.24 154.9 30000 30 5 1 0 0 0
76 1 823.32 950.89 994.11 1081.8 1003.9 161.57 171.33 540.44 412.44 246.85 20000 60 3 1 0 0 0
77 1 803.38 824.38 696.87 916.09 915.55 144.71 146.18 390.06 361 210.77 60000 40 7 0 1 0 0
78 1 833.51 821.15 680.51 1191.8 1087.2 146.5 150.42 478.64 365.71 185.03 50000 55 6 0 1 0 0
79 4 797.86 912.69 830.42 1059.3 1072.3 176.99 149.46 540.67 350.14 233.35 50000 35 4 0 1 0 0
80 2 849.92 960.28 829.45 1159.6 1269.8 186.08 154.22 483.75 419.31 243.39 20000 45 2 1 0 0 0
81 1 781.19 700.08 721.85 921.97 811.22 145.09 139.21 451.02 393.07 215.63 40000 65 3 1 0 0 0
82 1 557.31 599.31 602.71 790.37 730.41 120.96 108.32 432.28 294.28 125.56 60000 45 4 0 0 0 1
83 1 716.35 787.85 845.69 866.67 992.42 174.14 145.18 471.2 429.95 172.24 20000 25 6 0 1 0 0
84 5 836.62 843.15 798.54 948.05 1000.6 194.54 160.7 490.3 474.72 200.57 70000 25 2 1 0 0 0
85 2 710.34 740.48 757.17 903.52 804.28 137.9 141.86 464.56 424.56 175.82 20000 55 5 1 0 0 0
86 1 804.94 867.24 800.49 1051.1 1160.1 174.56 152.86 491.37 447.05 246.3 50000 20 4 0 1 0 0
87 1 780.72 837.99 890.49 923.99 1123.8 183.72 173.93 442.27 387.07 253.97 60000 35 4 1 0 0 0
88 1 659.43 881.69 850.44 990.48 1073.6 143.17 138.19 413.78 398.14 214.69 50000 65 3 0 1 0 0
89 1 717.84 888.67 834.43 845.59 908.34 151.82 152.33 420.26 393.68 195.72 60000 20 2 1 0 0 0
90 1 505.93 733.97 573.53 670.05 949.44 125.04 110.92 411.4 383.81 158.38 70000 40 4 0 1 0 0
91 5 666.2 765.25 689.92 964.66 1070.4 144.44 144.31 499.32 395.14 227.88 50000 30 2 1 0 0 0
92 1 804.6 925.58 704.06 1131.4 1129.2 146.29 143.9 491.24 461.14 251.66 60000 50 7 1 0 0 0
93 1 673.69 814.08 692.2 848.99 902.39 144.01 138.18 496.55 414.58 174.22 60000 30 7 0 1 0 0
94 2 807.59 1010.9 993.06 1075.7 1131 181.42 161.65 516.69 457.27 265.34 50000 55 6 0 1 0 0
95 1 830.98 1033.8 948.83 1031.8 1048.8 182.24 172.94 607.08 488.6 227.72 70000 25 5 1 0 0 0
96 1 906.69 1039.4 826.91 993.83 1125.7 179.65 183.94 560.33 478.5 233.94 50000 40 5 0 0 1 0
97 1 682.7 844.81 700.09 856.06 867.33 142.33 137.7 435.62 438.67 200.77 60000 60 5 0 0 1 0
98 1 672.11 1017.1 763.54 980.45 1033.1 169.22 132.12 404.11 397.23 242.22 60000 35 6 0 0 0 1
99 1 816.25 942.39 977.49 1290.7 1226.6 200.79 161.42 556.5 496.1 250.06 20000 35 5 0 1 0 0
100 1 723.46 710 772.38 862.07 957.32 158.58 156.69 527.28 399.32 227.16 30000 55 7 0 0 0 1
101 1 898.37 1173.4 1034.7 1185.4 1244.6 206.17 191.31 552.32 528.56 230.37 60000 65 7 0 0 0 1
102 1 563.79 789.27 857.21 1072.5 852.05 139.48 136.32 393.83 378.97 164.53 20000 20 4 0 1 0 0
103 1 721.78 1016.5 773.6 1023.6 1013.1 176.34 132.86 482.73 455.12 220.91 60000 65 7 0 1 0 0
104 4 806.66 731.43 941.68 934.18 1016.8 183.5 163.86 503.84 443.27 230.81 50000 60 6 0 0 0 1
105 3 764.82 841.17 780.37 902.04 1097.8 160.79 157.28 455.62 399.82 209.28 40000 35 6 0 1 0 0
106 1 699.33 926.86 782.98 1039.1 1064.7 181.75 167.71 486.28 447.3 240.34 60000 60 2 1 0 0 0
107 1 691.55 966.93 751.48 909.56 819.34 158.3 142.77 426.81 431.32 195.9 50000 55 6 0 0 0 1
108 1 593.03 830.11 832.19 961.74 1032.7 148.62 140.45 392.19 396.08 195.99 50000 55 4 1 0 0 0
109 5 878.07 1075.9 830.27 963.76 1272.9 196.27 195.07 512.74 471.12 205.3 70000 35 5 0 1 0 0
110 1 849.85 865.2 889.23 1107.1 946.43 172.15 153.22 568.84 489.56 230.63 50000 55 6 0 0 0 1
111 1 846.58 933.31 830.64 946.4 989.79 182.25 138.43 557.68 434.39 212.26 20000 50 6 1 0 0 0
112 1 722.34 820.73 746.92 917.13 742.53 160.97 141.9 440.13 366.51 171.04 40000 35 7 0 0 1 0
113 5 633.62 859.88 804.48 822.85 892.85 146.89 130.76 468.61 352.79 188.4 70000 30 4 0 0 0 1
114 4 665.87 760.66 682.43 712.86 743.13 163.27 142.52 353.46 236.67 184.17 50000 60 3 0 1 0 0
115 3 644.92 763.17 558.6 714.01 1014 160.75 142.59 420.88 390.62 169.97 70000 55 5 0 1 0 0
116 1 881.72 834.74 781.41 966.06 1058.7 183.73 174.38 489.76 313.51 193.82 30000 20 3 0 0 1 0
117 1 897.31 993.38 959.49 1146.7 940.05 184.06 166.4 553.79 428.3 258.28 40000 25 2 1 0 0 0
118 1 840.91 840.93 816.38 1120 1069.5 169.91 166.33 511.18 478.97 227.01 50000 45 2 0 0 1 0
119 1 857.49 1044.8 860.01 1048.7 1225 180.38 160.26 530.38 478.6 226.16 70000 30 6 1 0 0 0
120 1 741.95 775.09 702.16 984.69 849.63 155.61 162.27 545.82 404.09 214.44 60000 20 4 0 1 0 0
121 2 918.09 1163.4 1115.3 1225.5 1244.4 224.73 175.07 631.81 585.11 236.85 70000 55 6 1 0 0 0
122 4 746.42 791.99 801.58 1125.4 1118.2 169.39 176.56 481.92 442.36 223.81 60000 40 7 0 0 0 1
123 1 953.81 914.01 867.54 1004.8 1184.7 193.8 186.6 479.2 445.86 250.95 50000 30 6 0 1 0 0
124 1 775.8 786.18 837.86 1027.6 924.67 185.82 149.99 480.42 422.81 240.97 60000 40 6 0 0 0 1
125 1 669.15 876.55 792.1 1015.1 1096.5 178.94 142.5 467.16 399.22 242.67 70000 55 5 0 1 0 0
126 1 959.43 1227.2 1011.1 1142.5 1232.9 208.38 201.64 650.32 538.2 253.43 20000 30 7 1 0 0 0
127 1 667.44 949.36 959.82 937.12 1017.2 156.49 172.01 409.16 403.31 212.98 20000 65 6 0 1 0 0
128 1 776.23 784.31 829.68 879.88 1016.6 157.99 125.75 489.05 329.56 216.27 50000 45 6 0 1 0 0
129 1 780.84 816.53 825.94 949.07 874.1 176.67 151.26 485.75 416.63 233.57 60000 45 6 0 1 0 0
130 2 670.58 817.37 699.84 875.49 945.08 158.16 158.33 472.75 375.23 185.03 60000 45 4 0 0 0 1
131 1 827.22 1122 875.86 942.76 920.93 155.45 179.92 506.65 430.72 212.9 50000 20 5 0 0 0 1
132 2 870.04 1004 835 957.79 1112.4 192.51 157.92 416.39 434.13 223.88 70000 30 2 0 1 0 0
133 3 864.18 857.69 889.76 1028.2 961.8 163.67 161.75 447.3 430.39 184.29 30000 55 4 1 0 0 0
134 2 746.18 1132.6 746.42 1143.9 1126.8 185.37 170.24 561.85 464.07 226.74 50000 55 2 0 0 0 1
135 1 742.61 942.26 769.34 979.5 955.22 172.01 134.01 432.26 417.86 201.25 70000 45 7 0 0 0 1
136 2 733.2 853.06 686.17 931.27 993.43 160.83 177.99 499.06 428.07 240.04 50000 60 3 0 1 0 0
137 4 658.86 737.19 638.89 722.43 759.69 106.31 112.04 425.91 314.75 170.71 20000 50 7 1 0 0 0
138 3 948.68 901.83 968.98 942.23 1172.2 197.13 175.36 468.23 464.48 218.18 50000 30 6 1 0 0 0
139 1 789.62 805.89 746.87 851.91 1009.3 162.9 122.62 456.03 416.61 207.57 70000 35 7 0 1 0 0
140 1 876.06 965.53 951.02 1082.1 1259.6 216.02 176.66 464.65 511.75 226.36 50000 25 5 0 1 0 0
141 2 790 930.1 750.84 1066.3 836.43 172.53 154.99 488.28 386.17 216.03 30000 40 4 0 1 0 0
142 1 704.92 940.6 817.23 1032.7 1196.6 173.88 163.3 476.01 444.25 223.01 30000 65 4 1 0 0 0
143 4 731.26 958.45 825.8 898.65 920.17 156.51 166.31 436.69 434.84 196.98 70000 40 3 0 1 0 0
144 5 748.62 921.39 751.55 1053.3 1097.8 140.8 142.97 510.11 391.91 171.52 30000 65 2 0 0 1 0
145 5 829.5 1006.4 761.5 1036.2 981.82 147.7 136.23 434.12 454.33 202.74 40000 25 5 0 1 0 0
146 2 862.48 966.9 1049.5 1196.7 1174.5 208.65 173.89 616.72 426.6 219.37 70000 45 7 0 0 1 0
147 1 858.69 997.94 1037.2 1080.5 1334.9 208.01 174.98 566.59 443.7 248.13 40000 40 2 0 1 0 0
148 2 898.97 932.3 1062.7 1143.4 1218.7 199.59 169.23 579.91 439.09 269.68 70000 45 7 0 1 0 0
149 1 638.31 918.01 794.43 931.96 950.49 162.31 149.69 434.36 410.36 197.05 40000 55 4 1 0 0 0
150 1 821.55 1144.1 856.37 1143.6 1189.7 195.14 189.66 506.28 476.85 229.74 70000 65 5 0 1 0 0
151 5 798.04 919.13 834.49 869.79 1043.9 154.16 138.55 443.52 385.83 191.99 30000 25 5 0 1 0 0
152 2 780.24 830.71 671.65 834.96 1009.5 132.09 122.77 366.35 347.59 188.91 50000 35 2 0 0 0 1
153 5 856.83 877.33 847.34 880.88 1038.1 180.95 148.17 474.76 446.05 248.99 70000 50 6 0 1 0 0
154 1 710.57 799.08 760.36 918.61 808.43 145 158.41 381 368.03 208.48 30000 45 6 0 1 0 0
155 1 762.4 915.74 767.82 907.21 1000.2 168.49 160.24 423.51 422.16 190.58 20000 40 2 0 0 0 1
156 1 905.16 1134.9 872.04 1102.8 1151 190.87 209.18 543.87 500.2 252.74 70000 30 2 0 0 1 0
157 1 726.41 701.62 704.65 804.85 756.42 84.016 124.86 329.52 345.74 188.9 30000 40 5 1 0 0 0
158 1 1020.1 1081.9 1035.7 1087.1 1349 198.63 185.03 577.5 496.08 279.55 50000 45 7 0 1 0 0
159 1 912.62 1197.4 826.93 1043.7 1268 192.91 176.93 576.16 488.24 225.51 20000 30 6 0 1 0 0
160 3 905.5 930.25 1049.3 1171.9 1269.8 216.21 156.13 562.42 447.68 238.68 20000 55 5 0 1 0 0
161 1 823.14 784.29 745.71 1009.8 794.77 143.98 122.95 403.66 368.16 194.95 20000 55 3 0 1 0 0
162 1 626.92 774.16 792.18 832.78 902.89 161.75 142.91 439.3 386.3 198.63 30000 65 3 0 1 0 0
163 1 730.04 942.26 828.49 994.13 977.65 168.92 152.35 395.62 404.83 169.81 70000 45 7 0 1 0 0
164 3 737.34 938.72 719.07 937.23 1152.8 180.92 135.97 540.11 445.78 243.44 60000 65 7 0 0 0 1
165 1 750.5 1071.3 875.09 1032.4 1080.1 157.88 152.81 405.75 451.97 219.14 50000 40 6 0 1 0 0
166 3 854.97 932.54 784.33 1009.8 1026.4 204.25 148.74 606.83 466.33 254.63 60000 35 4 1 0 0 0
167 1 795.37 1061.8 827.66 970.1 1122.5 171.5 150.81 527.86 416.79 224.5 50000 35 4 1 0 0 0
168 1 699.04 752.94 769.52 883.17 972.78 172.32 155.6 493.3 388.91 214.3 30000 50 3 1 0 0 0
169 1 790.18 1085.4 917.09 1025.7 972.09 194.12 176.79 509.22 464.06 225.94 60000 60 5 0 1 0 0
170 3 565.27 618.52 627.5 699.01 902.71 126.61 112.19 309.28 315.77 161.39 60000 45 3 0 0 0 1
171 4 774.64 815.35 590.71 884.25 745.93 145.76 148.28 345.04 371.73 172.99 60000 40 7 0 0 0 1
172 1 732.16 721.6 571.47 696.42 749.5 112.29 95.678 299.97 317.33 173.02 30000 45 2 1 0 0 0
173 1 461.29 609.41 633.56 643.4 811.23 117.15 113.8 305.42 273.62 143.66 20000 60 7 1 0 0 0
174 2 834.94 974.41 982.74 1051.3 1169.1 181.13 136.74 481.83 434.05 222.22 20000 65 7 0 1 0 0
175 1 999.61 1091.9 1090.4 1301.6 1357.5 225.2 183.47 656.01 617.96 291.61 30000 30 5 1 0 0 0
176 1 815.01 808.62 731.18 830.81 968.09 128.41 160.79 429.89 384.02 227.96 70000 25 3 1 0 0 0
177 1 766.43 855.07 803.14 910.79 878.21 163.41 127.79 395.59 410.63 212.14 40000 30 2 0 0 0 1
178 1 699.36 739.59 797.01 784.7 977.82 173.97 137.7 431.66 357.99 218.29 20000 35 5 0 1 0 0
179 2 831.35 1031.6 999.32 1129.5 1165.7 192.49 182.07 506.39 469.1 238.26 20000 20 3 0 1 0 0
180 2 891.21 948.24 864.36 1074 1163.8 189.43 152.95 527.33 444.04 239.53 20000 35 6 0 1 0 0
181 4 908.85 1268.5 1024.7 1101.6 1386.8 204.84 182.85 539.64 483.42 276.01 30000 45 5 0 1 0 0
182 1 882.75 987.93 914.03 1071.8 1242.3 196.02 171.9 505.73 513.46 250.6 40000 35 3 0 0 0 1
183 1 744.18 783.57 615.25 1095.7 966.42 176.33 132.93 466.14 407.9 233.42 30000 20 2 1 0 0 0
184 1 776.22 979.6 759.93 1011 1102.9 171.35 181.56 472.16 457.24 176.56 40000 50 4 1 0 0 0
185 1 748.78 1001.6 726.98 781.66 1050.6 167.03 160.29 399.74 417.19 238.77 70000 55 4 1 0 0 0
186 1 1009.7 961.55 851.57 1086.1 1128.6 205.49 170.82 484.95 446.05 262.09 70000 45 6 0 0 1 0
187 1 838.99 1003.8 874.3 1138.8 1211.7 203.23 191.96 514.09 474.17 275.41 40000 50 2 0 1 0 0
188 2 826.04 814.01 648.87 915.66 933.08 174.14 133.78 452.66 404.9 223.3 30000 35 4 0 0 1 0
189 1 808.72 855.23 822.38 793.42 953.25 172.48 150.11 410.81 379.02 193.5 60000 50 7 0 1 0 0
190 1 780 935 887.59 970.86 837.47 170.95 156.33 419.26 369.25 201.67 70000 40 2 0 0 0 1
191 1 864.44 895.08 862.51 864.5 962.14 184.87 158.31 592.39 475.79 228.38 70000 45 3 1 0 0 0
192 5 791.31 711.16 753.19 1131.6 1036.7 156.38 121.9 457.04 319.25 185.1 50000 55 3 0 0 1 0
193 1 856.24 1220.1 1030.6 1058.1 1223.5 219.21 178.89 493.98 484.51 235.06 70000 40 2 0 1 0 0
194 1 996.95 1177.9 1086 1294.7 1217.5 190.72 198.5 617.38 496.15 291.26 60000 35 2 0 1 0 0
195 1 696.37 1027.4 830.43 1160.2 1206.5 175.16 167.99 470.43 467.34 221.63 30000 40 5 1 0 0 0
196 1 752.3 770.49 751.83 848.08 1027.5 149.37 128.73 397.93 355.29 165.48 50000 30 2 0 1 0 0
197 1 769.07 974.72 859.3 1136 1134 209.11 176.55 496.57 403.9 213.23 40000 60 6 1 0 0 0
198 1 845.93 895.4 849.39 910.96 1012.9 159.9 142.48 532.84 386.42 215.24 70000 55 3 0 1 0 0
199 1 873.54 992.31 744.9 1146.5 1038.2 137.4 178.67 469.41 479.18 216.58 60000 40 2 1 0 0 0
200 1 814.21 942.32 869.21 1183.5 1293.7 159.09 147.4 595.36 483.74 223.39 50000 50 2 1 0 0 0
201 3 647.22 882.06 766.6 822.64 919.73 147.59 157.59 404 446.81 178.87 50000 20 3 0 1 0 0
202 1 844.42 816.51 756.91 932.82 912.05 163.82 161.13 361.51 427.15 193.92 20000 65 5 0 1 0 0
203 1 582.18 784.36 572.63 718.6 977.31 143.84 115.12 380.89 349.28 142.67 60000 65 6 1 0 0 0
204 2 744.1 808.98 741.52 1042.2 1058.7 175.45 158.48 507.67 462.53 230.67 30000 35 6 0 1 0 0
205 1 750.74 874.58 834.19 922.38 996.39 155.93 168.81 425.04 403.49 211.03 70000 35 3 0 0 1 0
206 1 769.35 948.34 862.46 1070.4 1322.8 166.36 153.94 535.77 459.76 210.87 50000 30 7 0 1 0 0
207 1 766.25 1011.1 862.36 921.46 1153.5 175.8 165.31 542.24 467.08 253.45 50000 60 4 1 0 0 0
208 1 637.69 926 705.8 781.74 934.03 148.46 136.19 389.04 356.26 189.57 70000 45 3 1 0 0 0
209 1 837.87 902.57 862.26 920.3 1125.3 182.38 160.36 527.4 449.51 234.32 20000 45 2 1 0 0 0
210 1 676.21 998.17 812.52 1147.9 980.53 182.38 170.49 404.63 427.79 217.68 40000 20 4 1 0 0 0
211 2 991.99 985.02 779.77 1127.7 1162 185.41 165.41 508.95 495.43 247.86 40000 40 4 0 1 0 0
212 1 734.38 768.22 785.86 943.43 1038 173.69 149.67 433.71 381.73 207.29 30000 20 3 1 0 0 0
213 1 751.73 929.9 865.4 1028.8 1267.4 168.69 153.24 479.61 430 223.1 60000 40 5 0 0 1 0
214 1 861.18 1033.6 840.97 948.2 1057.4 180.32 167.47 461.58 504.86 222.08 60000 50 5 0 0 0 1
215 1 773.56 899.9 906.75 1099 1010.3 163.6 157.63 486.66 443.17 228.59 40000 45 6 0 1 0 0
216 1 693.78 1163.8 809.43 1024.6 1047.5 190.03 145.41 521.66 439.42 200.08 30000 35 3 0 0 0 1
217 1 762.26 865.6 847.76 1084.4 1143.5 181.11 155.17 455.54 433.99 231.35 60000 45 3 0 1 0 0
218 1 818.01 800.88 801.4 962.72 943.48 182.39 180.79 424 403.66 199.01 50000 65 7 0 1 0 0
219 1 893.89 1173.8 844.22 1207.3 1229.9 205.01 194.93 606.03 501.21 292.23 50000 50 6 0 0 0 1
220 1 869.83 1085.5 1078.4 1126.6 1230.7 185.77 194.46 551.31 462.38 258.26 60000 30 4 0 0 1 0
221 1 897.46 1074.9 869.18 1094.5 1218.4 185.79 150.52 460.15 482.9 247.18 30000 45 2 0 0 0 1
222 3 853.55 946.16 871.97 1085.7 1264 185.23 169.45 439 500.29 222.54 50000 50 5 1 0 0 0
223 1 866.98 1088.5 893.4 1076.1 1112.2 199.47 172.27 559.43 460.13 221.26 70000 60 7 0 0 0 1
224 1 814.83 937.55 881.21 938.53 999.68 162.27 157.38 595.97 445.52 229.41 20000 50 5 0 1 0 0
225 1 927.64 1024 819.27 1102.4 1191.5 156.13 172.82 461.21 531.35 247.93 30000 65 3 0 0 1 0
226 1 799.5 965.2 867.3 1048.2 987.64 176.83 153.37 533.16 452.02 248.85 70000 45 6 0 1 0 0
227 1 792.17 891.63 866.93 908.78 924.6 151.9 141.42 434.66 449.98 195.8 50000 35 5 0 0 0 1
228 1 770.33 918.49 838.84 967.88 988.41 152.9 134.9 504.09 437.24 222.03 30000 65 4 1 0 0 0
229 1 923.22 1113.9 845.99 1133 1267.9 203.16 195.48 611.96 529.61 255.21 50000 30 3 0 1 0 0
230 4 877.72 1012 747.24 960.07 1126.7 176.43 172.99 529.54 437.9 216.35 70000 55 5 0 0 1 0
231 1 710.54 829.03 611.82 900.03 806.29 147.07 139.78 377.69 274.67 169.98 40000 55 2 0 0 1 0
232 1 712.01 928.77 772.32 672.55 954.25 162.72 157.26 397.17 397.71 232.87 50000 50 7 1 0 0 0
233 1 910.68 916.21 970.3 1098.1 1117.8 218.36 174.83 543.32 463.74 251.39 20000 55 7 0 1 0 0
234 1 829.19 915 950.57 1134.3 1074.5 169.75 171.73 503.89 447.69 211.28 70000 60 3 0 0 0 1
235 1 894.18 955.61 791.73 980.81 1075.1 166.23 145.29 474.16 471.14 224.11 70000 50 2 0 1 0 0
236 2 788.5 910.04 749.7 929.75 1083.2 160.02 133.4 361.47 421.42 221.4 30000 30 3 0 1 0 0
237 1 728.18 695.28 833.31 904.6 865.39 167.45 149.34 407.64 357.75 199.03 60000 55 6 0 1 0 0
238 3 690.79 721.42 671.99 777.71 770.33 156.5 130.26 427.74 320.46 170.43 50000 60 2 0 0 0 1
239 1 805.87 847.48 997.63 1173.4 959.95 176.89 156.63 568.85 490.72 203.23 40000 30 5 1 0 0 0
240 1 824.04 928.98 800.93 1052.8 1028.7 171.42 148.75 489.61 406.71 249.91 30000 60 5 0 1 0 0
241 1 838.86 890.02 935.84 1013.5 1148.1 173.65 172.39 517.02 436.58 239.41 40000 30 7 1 0 0 0
242 1 734.11 828.67 855.05 813.19 961.38 160.17 149.27 428 375.64 201.14 50000 60 6 0 0 0 1
243 1 978.23 1244.5 1077.2 1271.3 1183.9 192.98 188.67 568.57 462.07 263.15 70000 50 4 0 1 0 0
244 2 650.74 941.36 859.88 1042.4 933.15 165.97 158 435.38 395.07 231.18 30000 50 6 0 1 0 0
245 1 787.95 838.1 696.95 1005.5 944.22 167.34 145.63 514.55 342.4 229.64 40000 20 6 1 0 0 0
246 1 720.02 833.69 792.32 928.82 1024.3 178.24 152.15 468.84 377.26 215.44 70000 45 4 1 0 0 0
247 2 874.22 967.58 928.84 1138 1208.1 188 173.56 542.68 447.52 228.48 50000 65 2 0 1 0 0
248 1 542.23 705.08 548.36 810.67 826.06 116 110.32 328.48 351.53 148.94 50000 20 2 1 0 0 0
249 4 731.08 947.41 820.16 969.93 958.49 175.24 145.13 447.49 484.12 241.28 30000 30 3 0 1 0 0
250 3 600.29 772.63 721.26 920.99 956.48 142.42 137.13 401.92 366.3 178.5 30000 65 6 1 0 0 0
251 3 720.23 781.31 744.33 973.68 825.02 161.83 168.47 443.21 332.49 212.46 40000 50 4 0 0 1 0
252 5 736.05 800.06 831.1 905.93 758.72 142.2 151.61 413.13 365.69 202.9 30000 20 7 0 1 0 0
253 1 681.14 860.54 662.38 1012.2 962.58 154.02 136.94 400.81 364.89 194.08 20000 60 7 1 0 0 0
254 1 646.85 829.19 741.66 834.06 1016.3 170.7 143.79 484.88 396.63 225.24 50000 30 4 0 0 1 0
255 1 933.56 991.03 898.63 1263.8 1093.8 194.26 169.65 507.36 500.19 224.2 20000 60 2 0 1 0 0
256 1 871.6 804.32 813.86 1014.2 889.44 175.22 160.3 487.66 425.83 228.88 60000 40 7 0 0 0 1
257 1 884.58 1074.8 981.34 1204.1 1369.4 199.41 186.66 535.16 509.91 232.76 20000 65 7 1 0 0 0
258 4 630.79 823.18 640.26 831.63 853.47 141.15 153.87 423.95 333.72 165.36 20000 60 4 0 0 0 1
259 1 732.12 948.08 813.66 988.02 997.33 159.63 143.01 451.7 434.16 225.52 70000 35 2 1 0 0 0
260 2 517.94 672.57 547.49 658.38 761.02 115.24 96.281 379.72 324.11 131.52 60000 25 2 0 1 0 0
261 2 750.95 835.25 695.15 836.76 906.18 170.01 153.96 405.56 398.01 177.48 70000 20 7 0 1 0 0
262 2 676.59 676.19 713.75 966.32 864.39 157.46 109.57 414.15 404.63 177.2 20000 65 4 0 1 0 0
263 1 745.2 904.73 905.57 870.51 1149.3 182.72 154.08 509 414.15 239.24 60000 60 6 1 0 0 0
264 1 698.35 820.15 726 802.66 796.82 156.94 145.79 445.24 334.26 196.51 20000 50 3 1 0 0 0
265 1 837.62 889.34 974.93 1134.5 1089.8 185.79 161.61 498.3 459.8 253.07 70000 30 6 0 1 0 0
266 2 698.01 929.45 764.99 1029 1109.9 194.93 149.49 455.82 438.16 207.92 50000 60 4 0 0 0 1
267 1 862.79 1044.7 781.97 1042.9 936.76 172.52 155.93 473.85 434.07 226.74 20000 40 3 1 0 0 0
268 1 752.24 1034.6 833.92 1070.6 1072.2 166.1 156.78 456.8 393.92 232.22 50000 30 2 0 0 0 1
269 1 701.71 984.66 760.21 1062.3 963.61 205.55 150.11 470.87 425.45 225.3 40000 65 2 0 0 0 1
270 1 889.35 1107 930.12 823.09 1204.7 192.31 157.67 535.12 393.81 257.38 50000 25 6 1 0 0 0
271 1 790.05 982.79 690.81 867.46 1126.5 183.06 150.84 453.45 438.26 208.9 40000 65 7 0 1 0 0
272 1 647.77 863.71 743.53 886.04 1136.7 155.07 128.38 447.32 366.82 199.06 20000 40 5 0 1 0 0
273 2 666.04 784.55 746.07 838.46 1025.8 147.5 150.05 360.22 333.12 172.87 60000 65 3 0 1 0 0
274 1 760.58 932.89 765.49 988.72 953.73 162.6 152.1 451.82 440.08 232.28 50000 30 6 0 1 0 0
275 1 517.82 601.96 568.02 834.82 916.08 137.61 97.743 415.48 318.78 176.03 60000 60 6 0 1 0 0
276 1 915.06 944.35 818.47 1171.4 1209.4 191.89 172.73 511.62 524.37 231.36 40000 35 2 0 0 0 1
277 1 638.85 737.19 733.77 909.1 927.11 145.74 144.98 458.83 367.78 182.82 30000 20 3 0 0 0 1
278 1 820.44 1049.9 759.85 983.98 1258 162.52 166.11 430.39 421.26 245.45 60000 60 6 0 0 0 1
279 2 793.75 921.46 834.63 1112.3 1025.3 181.52 158.98 491.21 488.44 203.96 40000 25 5 0 1 0 0
280 1 577.96 669.89 503.2 592.88 724.34 111.94 85.215 276.45 294 189.59 40000 35 2 1 0 0 0
281 1 915.75 1128.4 830.13 1156.8 1355.9 199.82 192.98 594.3 490.7 251.94 60000 60 4 1 0 0 0
282 1 703.58 976 890.08 1077.9 1182.3 165.27 168.2 487.47 432.31 222.52 50000 50 4 0 1 0 0
283 5 973.44 854.95 801.76 1022.7 1201.4 162.24 179.01 506.17 490.01 287.52 20000 40 3 1 0 0 0
284 3 574.09 574.94 469.61 757.71 853.3 122.2 109.76 347.75 266.92 168.98 30000 45 3 0 0 1 0
285 1 953.99 1171.5 871.74 1032 1315.8 234.04 203.68 631.83 459.84 274.88 40000 60 6 0 1 0 0
286 4 709.93 904.05 735.84 945.8 964.59 192.39 136.86 445.16 440.28 222.09 70000 25 7 0 0 1 0
287 2 752.96 953.48 707.68 921.81 1038.5 181.68 142.73 442.37 411.69 235.72 40000 60 7 0 1 0 0
288 4 771.37 810.06 805.33 937.27 1038.9 161.92 156.55 498.77 376.04 237.6 50000 25 6 0 1 0 0
289 1 846.21 1030.3 728.83 907.28 989.24 167.54 146.89 523.68 479.98 207.13 70000 60 7 0 1 0 0
290 2 806.19 903.01 759.33 882.35 928.98 189.63 135.41 474.95 454.78 220 60000 40 7 0 0 0 1
291 1 1060.7 1286.2 1121.5 1163.3 1399.5 226.07 194.13 577.34 545.45 255.74 20000 20 3 0 1 0 0
292 2 618.22 599.51 553.67 649.32 645.18 133.69 118.88 334.79 371.59 187.33 50000 30 7 0 1 0 0
293 3 880.03 1099.6 972.53 1048.1 1238.4 226.76 166.87 571.36 514.03 276.89 40000 60 5 0 0 0 1
294 3 833.18 1033.7 1013.3 1133.3 972.81 216.1 160.9 517.78 464.22 205.1 60000 40 6 1 0 0 0
295 5 594.71 737.9 659.64 810.42 765.11 144.9 119.62 289.07 268.86 136.46 60000 55 6 0 0 0 1
296 1 989.79 1121.8 950.06 1162.1 1432.6 235.97 177.48 592.32 575.35 270.85 50000 25 6 0 0 0 1
297 1 1158.9 1344 1172.2 1378.5 1679.8 240.52 227.92 668.92 607.31 318.07 40000 40 5 1 0 0 0
298 1 666.75 752.06 908.33 1001.5 922.44 197.29 162.11 512.51 396.63 194.56 50000 55 7 0 0 1 0
299 1 766.12 963.26 805.29 904.49 1112 151.52 149.69 555.26 421.67 201.53 60000 25 6 0 1 0 0
300 1 766.58 850.07 797.07 938.75 1013.3 161.43 131.03 464.57 368.04 224.86 20000 40 5 0 1 0 0
301 3 851.39 897.55 891.78 960.32 1073.9 197.27 156.7 490.55 543.32 228.18 70000 35 5 0 0 1 0
302 4 700.22 939.05 682.94 979.56 1009.9 165.61 141.8 452.72 363.63 189.29 60000 20 5 1 0 0 0
303 1 612.73 901.77 609.77 812.85 885.24 137.82 133.26 483 346.41 198.84 60000 45 3 1 0 0 0
304 1 678.97 729.76 780.56 945.21 1185.9 178.72 150.39 502.5 503.45 243.52 50000 20 2 1 0 0 0
305 1 715.15 1101.8 884.29 954.86 1153.4 179.94 167.11 522.42 432.91 238.48 20000 20 2 0 0 0 1
306 1 711.7 768.66 659.44 846.68 819.69 149.74 143.28 459.05 398.77 156.8 70000 65 4 0 1 0 0
307 1 772.1 944.73 812.97 994.08 1201.5 183.51 157.86 517.11 423.17 216.29 60000 55 5 0 0 0 1
308 1 636.67 598.09 695.57 811.78 946.63 146.82 123.95 465.47 350.94 221.91 50000 50 6 0 0 1 0
309 1 712.52 969.92 857.28 996.7 1051.3 176.48 159.61 514.34 385.69 190.58 30000 25 4 0 1 0 0
310 4 689.45 841.48 787.86 845.19 795.67 165.89 121.55 373.04 318.46 197.27 70000 60 6 0 1 0 0
311 4 794.09 1155.9 811.48 905.9 1036.1 174.34 161.43 452.5 447.92 227.2 40000 45 3 0 0 0 1
312 1 550.69 874.51 714.12 836.16 887.74 155.56 146.79 469.38 353.51 184.43 40000 20 7 0 0 0 1
313 4 611.85 631.9 680.46 649.59 873.09 85.38 103.37 316.04 289.65 165.46 70000 40 3 0 1 0 0
314 2 523.78 659.84 582.82 650.23 547.07 101.13 99.106 334.84 179.95 131.39 20000 25 7 0 1 0 0
315 4 762.69 1036 942.12 1159.8 1284.8 202.69 190.72 558.99 500.52 275.65 50000 20 6 0 0 0 1
316 1 675.88 982.51 832.37 974.27 915.51 169.57 171.3 451.39 542.89 196.29 70000 55 5 0 1 0 0
317 5 688.9 854.09 694.89 903.41 922.36 157.22 136.82 355 351.11 223.81 30000 55 6 0 1 0 0
318 1 620.53 765.28 803.74 1049.2 958.5 164.48 118.28 460.15 450.43 197.49 50000 60 3 1 0 0 0
319 1 717.62 767.36 784.77 1033.4 872.11 125.58 135.02 420.25 400.75 162.07 50000 45 7 1 0 0 0
320 1 639.57 617.23 598.65 797.09 907.87 153.28 140.52 370.7 323.85 143.14 50000 40 4 1 0 0 0
321 1 870.96 958.38 687.68 887.54 1146 157.28 148.22 498.16 353.33 206.2 40000 40 5 0 0 1 0
322 1 912.33 1009.8 949.9 980.42 1109 209.83 171.79 521.6 430.61 219.72 30000 35 2 0 1 0 0
323 5 678.75 787.68 789.56 867.15 979.58 156.93 140.96 425.02 417.7 199.08 70000 20 4 1 0 0 0
324 1 587.57 775.19 808.48 899.89 813.02 154.63 127 307.07 342.22 175.56 50000 30 5 0 1 0 0
325 1 542.06 833.24 767.21 682.41 826.01 172.31 133.85 327.01 319.93 171.44 20000 60 2 1 0 0 0
326 1 651.12 683.84 684.31 769.85 825.56 135.41 116.65 419.64 341.57 181.05 30000 40 5 0 0 0 1
327 1 739.94 934.03 747.15 986.81 1003.9 149.79 137.4 492.56 392.68 225.82 20000 25 4 1 0 0 0
328 2 833.14 917.79 806.11 1007.6 1070.7 199.78 144.96 465.17 353.87 223.83 40000 55 7 1 0 0 0
329 1 673.25 776.08 732.96 931.23 835.62 127.77 150.11 411.73 393.77 190.53 40000 65 4 0 1 0 0
330 1 671.87 642.14 677.16 737 884.84 137.99 140.17 296.42 321.48 156.31 60000 35 6 0 0 0 1
331 1 771.49 918.24 887.42 1029.9 1184.8 173.71 156.13 453.9 469.63 215.07 70000 50 5 0 0 0 1
332 1 812.45 958.07 870.61 916.22 957.34 145.55 150.29 516.91 457.7 215.24 50000 40 6 0 1 0 0
333 4 830.48 995.81 918.02 911.28 1182.2 175.34 175.52 495.84 526.92 237.27 70000 35 2 0 1 0 0
334 2 777.6 1095.6 946.73 1038.6 1191.5 201.63 190.56 519.01 528.83 260.57 30000 35 5 0 1 0 0
335 1 956.69 947.65 900.89 1033.3 1059.3 197.67 151.48 567.95 534.39 231.91 70000 30 7 0 1 0 0
336 2 820.43 1019.9 920.04 1005.9 1051.6 189.17 169.77 503.16 437.02 232.41 70000 55 2 0 0 1 0
337 1 825.16 1037.8 895.71 1164.3 1141.2 186.41 174.8 508.19 496.39 224.22 60000 20 5 0 1 0 0
338 1 748.8 939.21 783.96 1016.1 998.94 167.93 136.15 502.5 426.62 202.12 70000 35 7 0 1 0 0
339 1 728.61 787.29 730.14 959.81 885.08 150.92 157.29 483.05 377.76 197.04 70000 50 4 0 0 0 1
340 5 687.14 754.5 784.16 1034.4 929.89 162.9 154.14 428.66 430.46 177.87 60000 50 3 0 0 0 1
341 5 824.61 861.36 791.92 930.48 1048.4 202.49 156.92 397.74 455.6 215.71 60000 30 6 0 0 1 0
342 1 727.56 860.2 925.33 902.35 890.95 169.73 154.3 551.61 389.86 250.44 60000 65 3 0 0 1 0
343 2 604.58 772.73 753.8 746.86 791.37 143.92 115.31 446.48 378.64 159.39 60000 50 4 0 0 0 1
344 2 937.77 1104.4 973.91 1193.9 1064.7 189.51 159.37 503.14 406.55 211.04 70000 40 4 0 0 0 1
345 2 644.21 821.76 797.07 935.07 816.22 157.91 122.9 371.04 423.6 173.76 70000 40 7 1 0 0 0
346 4 893.85 935.4 999.62 1119.9 1150.5 196.44 145.7 566.7 440.2 257.19 20000 20 2 0 0 0 1
347 1 837.69 942.03 886.93 1014.4 1047.2 166.54 145.74 492.99 373.51 237.23 70000 30 6 0 1 0 0
348 1 744.25 856.65 633.2 905.27 1054.1 146.28 146.11 398.74 385.03 187.53 20000 30 3 0 1 0 0
349 1 705.46 974.04 812.78 967.18 932.1 160.14 139.06 484.29 461.94 215.77 60000 55 2 1 0 0 0
350 1 767.71 861.92 1039.9 1076.2 1104.4 199.71 131.62 479.46 456.63 228.66 40000 35 6 1 0 0 0
351 1 817.5 1009.7 883.41 1060.9 1062.8 166.14 138.59 475.57 436.8 219.24 60000 50 2 0 0 0 1
352 1 1115.5 1224.3 1230.5 1269.2 1478.4 233.86 216.82 664.73 644.83 291.8 30000 55 3 1 0 0 0
353 5 839.74 844.67 892.08 991.22 1082.2 178.07 125.23 498.94 464.55 226.4 50000 35 3 1 0 0 0
354 1 913.57 963.16 891.91 991.79 1113.8 179.24 194.59 524.58 479.58 254.08 50000 50 7 0 0 0 1
355 1 714.72 860.27 837.95 795.56 928.97 149.42 136.51 367.85 368.2 220.39 20000 50 3 0 0 1 0
356 1 796.96 838.71 799.12 1112 1064.4 162 159.66 413.4 444.84 209.97 50000 40 2 0 1 0 0
357 5 902.22 950.24 941.14 1179.8 1144.7 175.63 154.19 525.23 459.84 252.95 60000 20 7 0 0 0 1
358 1 644.83 624.24 645.75 811.61 933.12 125.16 117.02 395.05 302.21 184.57 70000 20 3 1 0 0 0
359 3 630.83 722.92 669.18 779.28 998.61 127.63 156.46 388.09 355.56 193.85 50000 35 7 1 0 0 0
360 1 928.53 1147 952.33 1164.2 1301.4 219.51 196.17 598.98 525.2 265.01 40000 30 5 1 0 0 0
361 2 904.81 1039.6 996.58 1216 1145.9 221.16 186.96 599.07 506.99 269.18 60000 25 4 0 1 0 0
362 5 842.36 894.74 786.49 978.55 1173.6 169.93 163.16 445.79 439.48 199.34 30000 30 7 0 1 0 0
363 1 771.77 910.39 840.15 937.5 875.67 168.1 136.68 524.99 409.4 208.14 50000 65 5 0 0 0 1
364 1 511.33 673.44 668.03 869.54 902.55 133.59 130.32 372.65 336.66 187.41 40000 50 3 0 1 0 0
365 1 638.33 784.26 676.68 860.54 797.1 152.09 111.6 341.63 419.5 212.84 60000 25 7 1 0 0 0
366 1 790.16 939.18 868.39 1072.8 1178.4 205.46 143.38 492.93 399.78 231.54 70000 65 2 1 0 0 0
367 1 641.11 743.42 605.69 831.35 931.17 136.17 130.27 387.18 373.99 186.32 70000 60 7 1 0 0 0
368 1 704.88 859.98 875.59 987.38 1119.2 202.59 176.03 536.78 537.83 257.43 40000 65 5 0 0 0 1
369 1 680.64 1010.1 797.76 888.02 1028.8 171.83 156.58 448.46 420.4 210.78 70000 40 6 0 1 0 0
370 5 790.53 1044.9 1032.6 1030.5 1189 213.63 181.59 548.19 527.27 259.1 70000 60 2 1 0 0 0
371 3 663.23 791.26 690.2 943.5 782.56 141.43 153.41 481.91 374.82 157.72 20000 45 3 1 0 0 0
372 1 753.99 1031.8 754.48 985.05 1069.5 167.1 167.64 504.42 425.53 194.18 70000 30 4 1 0 0 0
373 4 862.34 999.63 869.77 1065.5 1126.2 153.46 179.84 529.09 502.64 218.25 30000 40 7 0 1 0 0
374 2 834.88 1030.9 903.97 1233.7 1203.8 190.58 168.74 501.59 475.15 285.61 30000 55 2 0 1 0 0
375 3 923.44 1253.5 1116 1240.9 1207 229.15 207.6 561.68 555.23 226.61 50000 50 4 0 0 1 0
376 4 726.94 938.84 638.76 871.37 989.48 158.65 154.19 420.4 381.54 218.51 30000 20 7 0 1 0 0
377 1 948.35 1056.6 784.55 1100.8 1249.7 184.83 175.71 534.44 400.62 219.23 40000 25 7 0 0 0 1
378 1 950.87 1016.2 986.68 1125.5 1184.2 230.79 159.9 602.87 548.59 271.07 60000 60 6 0 1 0 0
379 1 729.68 867.52 726.93 800.55 1021.1 156.05 142.23 448.9 405.51 196.67 20000 40 7 0 1 0 0
380 1 759.99 808.56 803.12 920.97 1057.6 166.24 148.9 539.63 406.81 216.37 70000 30 3 1 0 0 0
381 1 916.11 1125.9 779 1001.6 1179.7 178.62 154.16 519.77 430.39 231.79 50000 55 2 0 1 0 0
382 4 848.85 1054.8 827.53 1014.2 1055.3 155.95 158.13 467.65 427.23 235.92 30000 55 3 1 0 0 0
383 1 774.2 892.35 776.15 928.73 990.22 162.84 158.5 479.89 455.67 210.31 40000 55 2 0 1 0 0
384 5 866.99 933.83 833.09 1003.9 988.95 157.16 170.39 442.4 418.46 201.48 30000 60 5 1 0 0 0
385 2 808.65 916.58 824.57 829.13 1044.8 170.2 156.92 518.95 401.19 220.34 70000 30 2 0 1 0 0
386 1 687.46 848.1 628.52 949.66 781.79 126.12 140.15 441.71 431.52 189.03 60000 55 4 0 1 0 0
387 1 897.65 1178.9 994.94 1286 1310.8 211.64 162.43 651.51 516.69 284.6 60000 25 4 0 1 0 0
388 1 574.98 670.07 735.11 670.31 805.4 116.38 108.54 313.68 316.69 151.86 30000 50 4 0 0 1 0
389 1 900.74 939.43 897.29 1102 1036.7 151.77 163.07 486.4 429.41 230.52 50000 20 7 1 0 0 0
390 2 942.24 936.54 897.86 993.85 1212.1 196.79 172.48 497.18 462.32 259.38 30000 40 2 0 0 1 0
391 1 765.51 921.48 737.04 954.12 1069 191.93 147.1 493.78 432.99 230.85 60000 30 5 0 0 1 0
392 1 829.04 1038.6 949.62 1087.6 1178.2 193.76 178.62 635.07 480.52 251.73 30000 25 2 0 0 0 1
393 1 745.52 868.3 658.79 831.17 1021.6 155.87 129.79 416.09 389.34 193.77 50000 65 7 1 0 0 0
394 1 786.05 965.64 738.87 1144 1134.7 171.95 174.4 489.06 480.19 201.67 70000 65 2 1 0 0 0
395 1 855.21 1006.7 1004.3 1074 1186.2 208.04 181.47 549.84 512.84 295.65 70000 45 4 0 1 0 0
396 1 823.89 959.46 888.78 1194.2 1207.6 163.4 159.14 434.79 461.71 215.49 70000 50 6 0 0 0 1
397 1 808.88 1083.8 842.81 1110.5 1091.8 165.81 187.83 474.89 402.59 263.82 60000 55 3 0 0 0 1
398 3 487.73 608.85 527.14 560.98 750.97 135.32 102.47 319.25 321.52 155.01 40000 30 2 0 1 0 0
399 1 714.03 703.31 742.97 737.89 913.01 156.45 166.75 501.53 414.89 183.08 40000 45 3 0 1 0 0
400 1 858.25 1056 895.16 1171.5 1053.7 195.41 178.06 556.3 493.25 244.71 70000 60 4 0 1 0 0
401 1 735.86 990.86 832.2 918.13 892.94 177.04 134.88 417.75 363.41 201.34 40000 40 5 0 0 1 0
402 1 790.41 966.96 890.59 989.58 1093.9 172.9 177.87 443.96 464.09 197.09 50000 55 4 0 1 0 0
403 1 942.83 1087.4 972.55 1158.5 1251.6 206.61 171.93 642.91 451.85 259.33 20000 35 6 0 1 0 0
404 1 838.8 1061.3 881.42 1091.3 1161.7 172.93 162.44 411.17 447.4 227.65 50000 20 6 1 0 0 0
405 4 724.76 906.61 688.3 848.97 1019.8 184.91 137.69 460.86 390.41 247.69 60000 25 7 1 0 0 0
406 1 612.54 722.41 816.12 875.46 868.75 148.87 132.48 410.37 329.39 188.61 60000 50 2 0 1 0 0
407 1 686.08 869.79 688.79 900.63 1073.8 181.93 137.56 412.95 448.64 182.43 50000 25 5 0 0 1 0
408 4 571.72 802.27 630.2 617 693.97 110.19 118.45 336.03 233.34 176.57 50000 35 6 0 0 0 1
409 3 802.27 763.23 972.65 999.42 1075.6 185.64 168.08 421.72 471.44 266.45 20000 45 5 0 1 0 0
410 2 798.94 1106.3 956.48 1091.2 1167.8 196.2 165.87 485.09 470.55 249.82 20000 45 4 0 1 0 0
411 3 553.05 688.22 579.32 734.29 716.84 115.37 79.979 412.06 319.91 132.51 30000 45 4 0 0 1 0
412 1 697.18 915.31 649.79 729.6 950.03 146.54 125.5 419.05 305.17 166.92 60000 30 5 0 1 0 0
413 1 899.62 1066.7 1055.5 1216.6 1255.3 218.23 208.12 632.62 601.71 259.55 40000 60 3 0 1 0 0
414 2 894.81 861.16 756.41 979.31 1038.9 171.78 186.15 473 499.43 213.49 30000 50 7 0 1 0 0
415 2 942.14 1150.7 1207.1 1177.6 1242.3 224.79 179.75 543.52 600.67 267.91 40000 25 4 0 1 0 0
416 1 924.11 892.66 848.21 942.91 1252.1 178.1 162.44 494.14 444.41 223.12 60000 45 6 1 0 0 0
417 4 779.35 1008.5 600.74 941.28 1060.6 155.08 143.94 474.77 407.53 198.49 70000 20 6 1 0 0 0
418 3 742.21 1061.2 824.51 1092.8 1157.7 164.57 139.61 411.34 488.74 252.76 60000 40 7 1 0 0 0
419 1 748.31 948.75 746.97 1029.6 901.49 165.08 141.72 467.21 345.55 200.68 20000 45 3 1 0 0 0
420 4 826.29 906.88 751.11 962.17 1109.9 167.15 165.6 491.31 434.39 244.81 50000 40 7 0 0 1 0
421 1 769.99 990.44 678.62 926.42 1037.9 165.63 145.37 528.8 429.47 233.95 40000 50 2 0 0 1 0
422 1 681.35 773.91 677 734.42 868.99 138.74 118.04 426.89 278.62 158.39 20000 25 2 0 0 0 1
423 1 607.74 832.82 673.56 909.99 866.02 142.6 122.59 496.56 382.64 170.93 40000 25 7 0 1 0 0
424 1 745.82 895.18 861.39 816.48 982.89 183.71 157.95 507.31 403.22 224.18 40000 35 4 0 0 0 1
425 2 543.85 700.59 506.31 766.87 712.22 122.62 107.56 300.52 323.44 163.81 40000 65 3 0 0 1 0
426 3 769.13 880.28 978.91 1042.1 1272.5 198.89 164.65 500.76 500.67 218.7 70000 40 2 0 1 0 0
427 1 873.01 1069.8 789.1 1064.2 1045.5 195.62 184.84 565.18 507.7 231.08 70000 50 3 0 0 1 0
428 1 758.99 664.09 680.55 968.71 912.42 160.4 146.48 410.01 367.68 209.38 70000 50 3 0 1 0 0
429 1 628.2 843.9 731.84 835.86 868.3 166.58 139.77 476.78 390.86 177.77 70000 30 5 0 1 0 0
430 1 734.31 1073.4 942.92 1174.4 983.15 192.03 159.05 530.84 482.65 220.81 20000 20 2 0 0 1 0
431 1 694.64 1022.6 870.86 1054.7 1138.9 203.42 180.62 481.08 555.04 247.22 70000 65 7 0 1 0 0
432 2 775.87 1170.9 830.17 1254.9 1103.9 197.74 190.01 605.9 571.11 219.44 40000 35 2 0 1 0 0
433 1 919.35 1107.1 1045.8 1038.6 1208 209.71 176.02 560.75 531.8 274.88 50000 20 3 1 0 0 0
434 1 861.98 893.18 987.42 1095.7 1126.7 174.42 187.18 526.29 436.11 240.98 40000 40 4 0 0 1 0
435 1 563.75 760.35 734.43 850.06 889.96 124.44 137.86 422.1 351.19 206.79 30000 35 4 0 1 0 0
436 1 682.3 900.17 725.26 804.12 917.82 162.2 129.91 393.07 369.32 164.1 50000 35 6 1 0 0 0
437 1 1064.3 1113.2 1120.5 1236 1454.8 248.43 185.95 643.91 526.42 296.38 60000 20 7 0 1 0 0
438 1 834.95 984.91 1004.5 1128.9 1179.2 180.11 173.79 578.71 485.34 217.09 20000 45 3 1 0 0 0
439 1 668.77 639.3 709.8 827.27 848.57 153.44 116.06 360.78 378.45 161.73 70000 35 7 1 0 0 0
440 3 816.69 926.28 847.97 1202.9 1097 210.65 192.62 483.68 424.13 199.54 50000 50 7 1 0 0 0
441 2 792.8 1005.4 842.38 845.77 1017.9 163.58 135.44 498.09 419.43 214.5 60000 50 3 0 0 0 1
442 1 879.18 1041 944.05 1116.1 1096.8 179.7 167.76 516.06 446.97 229.79 70000 65 4 0 0 0 1
443 2 886.39 1085.6 898.18 1046.5 1236 195.35 148.93 582.23 506.74 258.52 60000 45 3 0 0 0 1
444 1 818.91 952.02 929.92 1097 1202.2 195.13 180.96 550.24 466.43 244.88 70000 40 4 1 0 0 0
445 5 812.02 821.46 731.23 726.22 937.13 190.17 134.81 490.63 406.17 187.44 20000 60 4 0 1 0 0
446 3 758.86 913.56 689.81 1000.7 896.83 179.59 136.34 454.34 463.23 215.67 60000 45 7 1 0 0 0
447 4 699.15 870.94 793.02 1019.8 906.11 171.17 136.34 409.51 375.35 200.05 70000 30 7 0 1 0 0
448 1 991.29 1101.4 968.86 1296.5 1299.3 218.62 206.02 627.96 524.53 258.64 20000 40 5 0 1 0 0
449 2 757.48 822.16 842.36 921.66 996.68 151.22 143.49 463.24 450.74 230.47 20000 60 6 0 0 0 1
450 2 840.59 987.04 985.87 997.73 1181.1 163.96 179.86 591.69 546.84 282.63 20000 30 5 0 1 0 0
451 2 738.09 850.74 694.2 828.46 824.43 160.38 132.99 518.74 371.34 158.35 50000 60 3 0 0 0 1
452 3 683.89 967.88 728.77 933.96 1061.1 156.9 146.87 447.79 428.89 217.73 70000 30 7 1 0 0 0
453 1 936.46 1049.6 1003.4 1225 1326.2 174.53 181.96 571.97 501.09 292.19 70000 25 3 0 1 0 0
454 5 617.38 612.46 720.9 687.87 926.1 147.21 117.03 343.34 345.65 176.18 70000 35 3 0 1 0 0
455 3 767.1 863.05 744.61 880.27 1018.5 156.91 147.47 428.95 373.07 211.01 30000 35 6 1 0 0 0
456 3 858.44 1093.5 865.07 1019.2 1213.2 186.3 189.55 517.64 510.59 233.24 70000 45 2 1 0 0 0
457 1 926.66 1041.6 835.4 1144.1 1180.4 196.48 167.75 476.29 505.25 229.69 20000 50 4 0 0 1 0
458 1 899.64 923.83 891.2 1092.5 1094 162.01 143.86 564.43 520.77 216.06 60000 30 5 0 1 0 0
459 2 790.5 1083 818.13 1042.7 1119.9 183.96 182.29 487.85 465.69 232.71 40000 45 4 1 0 0 0
460 1 848.83 973.17 884.21 1147.8 1173.3 191.55 173.22 466.16 517.24 205.95 70000 25 7 1 0 0 0
461 1 679.29 797.49 797.12 781.6 1023.5 175.03 153.72 425.26 365.87 205.83 50000 30 7 0 1 0 0
462 1 801.32 1035 839.84 1032 1082.9 184.92 156.23 479.37 419.81 239.17 20000 30 6 1 0 0 0
463 2 912.38 1161.9 1077 1127.4 1321.9 212.93 211.35 596.15 547.38 292.74 40000 55 5 1 0 0 0
464 1 630.56 705.71 491.92 746.54 994.07 113.87 131.26 335.42 302.52 150.45 40000 30 7 0 1 0 0
465 4 1023.8 1130.8 1007.9 1211.6 1308.2 196.27 199.69 588.49 419.87 243.34 60000 65 2 0 0 1 0
466 1 821.36 1082.6 933.87 1111.3 1219.2 190.82 172.47 516.85 432.16 231.35 40000 60 5 0 0 0 1
467 2 815.5 1048.7 855.02 1132.4 1139.2 163.65 161.32 586.13 456.27 237.52 50000 50 2 0 1 0 0
468 1 938.01 1081.7 986.74 1194.5 1316.3 201.71 201.22 450.64 454.98 290.56 20000 40 3 1 0 0 0
469 2 873 809.28 848.81 933.97 1018.5 192.8 160.19 485.8 426.77 252.79 70000 45 6 0 1 0 0
470 2 751.13 898.65 665.94 878.97 1039.1 153.34 136.73 447.37 398.04 178.59 70000 35 5 1 0 0 0
471 2 939.2 1133.1 1077.3 1061.4 1278.9 171.87 191.4 510.62 575.8 236.12 20000 50 3 0 1 0 0
472 1 786.19 931.66 821.51 1274.2 1049.3 160.18 150.79 481.47 443.26 238.1 20000 55 3 0 0 0 1
473 3 824.49 1014.5 844.49 1057 956.99 176.16 165.52 497.55 397.7 245.96 20000 65 7 1 0 0 0
474 1 557.63 657.09 551.01 792.56 762.31 128.91 121.34 383.37 263.57 140.24 50000 30 3 0 0 1 0
475 1 851.18 1090.8 1029.2 1275 1199.9 182.51 193.71 590.58 503.3 238.9 50000 50 5 0 0 0 1
476 2 647.17 709.3 740.53 833.41 850.05 132.76 88.107 410.4 360.18 179.79 70000 30 3 0 0 1 0
477 4 665.68 778.4 740.79 842.66 916.91 137.66 132.97 418.17 379.19 200.76 20000 40 3 0 0 1 0
478 1 673.69 832.85 611.52 963.83 862.61 158.91 155.3 497.28 439.14 179.36 20000 50 4 0 0 1 0
479 3 679.63 994.17 848.33 971.24 1108.4 166.39 148.76 493.4 392.94 184.22 30000 30 2 0 1 0 0
480 4 529.22 683.17 580.44 800.33 925.69 142.69 110.27 339.26 427.51 173.37 30000 50 2 0 1 0 0
481 2 899.33 860.48 933.53 1077.6 1032.2 188.32 163.28 545.01 501.33 212.58 50000 40 6 0 0 0 1
482 1 1026.1 1210.5 954.32 1258.3 1348.7 186.14 186.69 526.7 544.74 275.42 40000 60 6 0 0 0 1
483 4 639.39 761.4 667.74 678.27 806.21 152.86 95.942 420.73 344.6 175.22 50000 25 3 1 0 0 0
484 3 815.82 962.48 796.91 1028.5 932.12 179.47 160.61 396.64 427.35 227.33 30000 20 5 0 0 1 0
485 1 852.2 1098.2 1079.9 1112.3 1107.2 197.52 181.54 519.6 530.39 241.65 60000 20 2 1 0 0 0
486 2 695.33 693.55 762.92 904.27 939.2 160.63 151.78 449 380.56 213.06 30000 40 5 1 0 0 0
487 3 611.84 688.73 687.19 847.28 823.23 137.67 109.69 373.92 355.73 163.53 40000 65 5 0 0 0 1
488 3 829.43 955.41 853.06 1140.3 994.72 179.9 165.39 432.3 452.39 242.23 70000 20 2 0 1 0 0
489 4 808.14 1129.4 830.72 1045.5 1158.2 218.27 173.61 505.37 479.65 280.39 30000 20 7 1 0 0 0
490 2 632.92 818.03 585 800.49 886.42 162.21 121.66 420.62 316.6 189.06 60000 55 3 1 0 0 0
491 4 696.12 920.04 796.85 1027.6 953.34 172.15 167.23 428.04 378.05 257.03 70000 50 4 0 0 1 0
492 1 732.49 959.26 938.86 1044 1060 185.2 152.57 402.56 460.88 274.8 30000 30 2 1 0 0 0
493 1 829.72 946.51 726.41 972.72 1188.9 176.63 164.61 497.77 413.51 205.02 40000 65 2 1 0 0 0
494 1 708.34 799.75 641.71 891.47 850.8 150.39 142.01 376.56 407.38 156.85 30000 65 5 1 0 0 0
495 1 984.84 1034.5 1002.8 1196 1185.8 201.15 184.27 649.53 575.85 286.82 70000 30 5 1 0 0 0
496 5 1011.5 1257.2 1110.1 1223.9 1299 214.58 169.68 684.48 512.19 277.58 50000 55 6 0 1 0 0
497 1 763.27 888.14 788.58 1067.4 1032.8 189.92 152.4 461.64 402 194.76 20000 45 5 0 0 0 1
498 4 901.13 1088.1 943.63 1191 1156.3 216.58 188.38 549.8 519.21 248.66 30000 50 3 0 1 0 0
499 1 774.25 780.82 826.57 999.34 1059.9 165.5 165.25 415.85 406.95 158.55 40000 25 7 1 0 0 0
500 1 704.06 1011 763.87 927.41 1061 157.36 178.79 518.29 432.01 227.38 50000 40 7 0 0 1 0
501 1 790.09 848.81 860.86 924.87 993.9 171.03 161.4 488.6 415.59 225.44 50000 40 3 0 1 0 0
502 1 955.13 1041.9 844.2 1030.2 1088.9 176.55 182.15 619 496.12 229.98 40000 25 2 1 0 0 0
503 4 681.53 956.84 811.17 904.07 951.18 155.1 137.64 394.76 402.01 220.6 70000 55 2 0 0 0 1
504 1 826.07 737.22 677.61 992.89 1059.7 165.28 158.75 460.3 397.43 187.39 20000 40 3 1 0 0 0
505 1 698.69 744.66 604.69 737.82 915.24 121.44 112.68 263.65 383.15 188.35 50000 65 4 0 0 0 1
506 2 843.34 964.67 780.74 1148.7 1078.5 164.49 155.27 448.51 478.2 187.75 30000 20 6 1 0 0 0
507 2 788.59 927.72 769.48 963.78 972.63 172.76 130.55 490.12 455.88 194.17 30000 65 2 0 1 0 0
508 1 654.73 841.65 759.06 832.32 807.37 142.69 140.29 393.68 369.4 243.6 20000 25 4 1 0 0 0
509 1 635.25 936.49 625.77 937.28 1047 162.01 137.85 468.64 380.24 172.19 40000 65 4 0 1 0 0
510 1 825.13 998.26 864.37 1113.8 1160.7 191.62 156.58 528.77 491.57 271.1 40000 25 4 0 0 1 0
511 4 611.2 822.17 688.72 785.01 802.44 133.27 108.39 346.85 344.07 179.33 60000 30 7 0 1 0 0
512 1 906.51 960.64 935.98 1044 1022.3 181.08 155.05 494.81 453.2 219.92 50000 35 3 0 1 0 0
513 5 695.97 1035.4 926.6 1033.8 966.85 169.91 147.46 471.39 431.74 249.63 40000 40 5 0 0 0 1
514 1 753.61 941.4 692.86 1032.1 960.97 169.07 164.08 424.74 412.35 217.17 70000 60 2 0 1 0 0
515 2 804.17 971.13 829.89 1030 1001.1 190.42 160.17 523.28 449.83 213.92 40000 50 2 0 0 0 1
516 3 801.67 906.72 731.85 1002.4 924.84 180.07 167.97 420.25 438.37 203.64 20000 50 3 0 0 0 1
517 1 652.27 879.24 791.63 743.34 1070 162.28 140.65 430.74 337.76 197.17 40000 25 4 1 0 0 0
518 4 665.82 907.25 583.44 830.4 1003.2 134.31 138.1 430.63 302.24 154.89 50000 50 2 0 1 0 0
519 1 993.35 1258.1 1065.8 1037.5 1272.7 230.32 204.74 571.82 585.67 303.01 20000 50 4 0 0 1 0
520 4 624.78 1107.5 905.93 1097.3 1109.7 158.19 182.48 552.24 456.23 204.39 70000 30 6 0 0 1 0
521 1 798.68 924.96 784.76 1092.1 1160.2 182.12 174.7 525.5 431.13 230.14 20000 65 7 0 1 0 0
522 1 848.43 1021.1 970.7 924.09 1082.5 170.96 145.18 487.82 391.43 229.15 40000 40 5 0 1 0 0
523 2 856.92 801.6 798.02 1002.4 995.99 168.26 146.89 365.67 393.87 221.22 30000 60 3 0 0 1 0
524 1 790.3 719.45 730.75 1007.8 915.5 153.51 119.22 410.45 333.8 192.93 40000 45 5 0 0 0 1
525 1 890.01 903.6 727.38 762.02 989.96 179.41 154.23 507.31 448.55 220.6 30000 40 3 0 1 0 0
526 1 720.94 944.97 891.91 987.18 964.43 137.31 148.01 399.76 450.36 209.08 70000 50 2 1 0 0 0
527 1 997.03 1207.6 1142.5 1340.3 1341.8 241.34 186.35 663.46 579.41 298.69 40000 35 5 0 1 0 0
528 2 723.33 819.04 760.98 788.01 1066.6 155.35 163.76 458.25 368.75 216.27 70000 30 4 0 1 0 0
529 1 778.98 968.37 808.76 1114.8 1057.6 162.87 149.5 506.75 396.57 210.79 20000 40 2 0 1 0 0
530 1 734.22 1027.3 861.73 1089.7 1150.3 157.59 159.74 493.21 424.91 245.32 60000 45 2 0 0 0 1
531 1 803.19 772.82 935.56 984.76 1136.2 198.49 165.21 497.91 441.64 235.04 40000 25 4 0 0 0 1
532 1 624.21 939.82 909 1054.7 1075.1 194.56 172.64 467.96 414.29 217.33 30000 25 6 1 0 0 0
533 1 864.76 914.31 855.51 1181.3 1087 172.98 163.83 567.26 470.97 223 20000 35 3 0 1 0 0
534 4 602.08 823.57 649.65 672.49 897.79 139.78 148.53 427.32 363.51 175.1 40000 40 6 0 1 0 0
535 2 671.48 726.86 635.93 879.38 879.12 149.37 137.89 378.42 463.47 163.68 50000 30 7 0 0 0 1
536 1 840.22 986.2 956.76 1044.8 1125.6 213.32 157.89 561.76 433.02 254.94 70000 55 2 0 0 0 1
537 2 854.19 910.98 821.35 942.46 1215.2 180.44 190.91 554.49 471.03 227.1 20000 35 3 1 0 0 0
538 1 779.81 796.44 669.75 1022.1 964.88 158.06 125.43 543.19 412.76 209.57 20000 20 3 0 1 0 0
539 1 956.86 1145.4 943.94 931.56 1262.4 184.62 185.17 494.88 436.02 239.05 50000 50 6 1 0 0 0
540 1 869.97 916.53 896.68 1044.3 947.46 181.72 160.16 536.55 435.32 207.88 40000 50 6 0 1 0 0
541 1 820.54 989.73 886.42 1088.8 1018.1 168.09 142.62 521.87 401.26 200.87 60000 55 3 1 0 0 0
542 2 723.98 908.81 749.73 978.3 1096.3 182.26 162.77 409.43 417.97 232.07 70000 65 6 1 0 0 0
543 1 731.92 767.55 706.94 869.86 1038.1 164.63 157.86 413.26 398.7 204.61 60000 60 3 0 1 0 0
544 1 557.55 783.22 598.84 855.27 890.27 131.43 120.49 452.71 390.5 211.49 40000 25 2 0 0 1 0
545 1 654.56 812.12 718.78 855.17 1015.2 150.98 123.86 398.42 335.08 227.39 50000 40 5 0 1 0 0
546 4 846.49 986.91 997.64 843.41 1060.1 181.74 148.58 523.92 430.93 258.75 60000 25 2 1 0 0 0
547 1 799.23 989.23 920.52 995.56 1157.8 196.52 204.26 509.1 469.26 247 60000 20 7 1 0 0 0
548 3 908.12 913.96 900.27 1063.4 1043.3 212.34 171.07 559.23 471.42 238.43 60000 45 3 0 1 0 0
549 1 517.98 685.72 568.59 655.75 852.77 85.217 97.395 324.84 237.93 168.14 30000 30 4 0 0 1 0
550 1 708.01 904.56 736.89 991.81 1023.1 172.18 168.79 537.99 483.98 235.1 50000 50 2 0 1 0 0
551 1 877.38 1030.9 887.12 920.16 1128.3 199.89 141.17 462.3 425.92 245.89 20000 40 5 1 0 0 0
552 2 1001.8 1126.9 1049.3 1283.2 1371.4 239.64 189.13 561.55 497.38 267.87 50000 40 7 0 1 0 0
553 1 827.2 871.68 859.75 1071.6 1146.3 184.8 172.06 445.28 459.96 242.08 30000 40 3 0 0 0 1
554 2 525.81 768.48 588.5 712.29 710.59 109.99 107.03 237.44 304.18 189.58 40000 65 6 1 0 0 0
555 1 805.45 1018.7 841.76 1117.2 998.25 188.85 155.08 478.29 484.97 228.51 30000 45 4 1 0 0 0
556 3 710.17 784.4 733.65 838.46 872.84 140.31 147.24 406.22 373.53 172.77 30000 40 2 0 1 0 0
557 1 727.54 1017.4 889.82 877.19 953.84 159.31 143.14 480.22 409.1 233.23 40000 65 3 1 0 0 0
558 2 736.68 951.14 734.35 840.64 1096.1 125.39 136.15 461.46 419.6 227.43 30000 50 2 0 0 0 1
559 2 752.36 971.81 811.63 1044.6 936.85 172.18 181.96 437.5 464.97 236.05 30000 65 6 0 1 0 0
560 1 757.28 803.59 747.37 1017.1 1009.7 145.55 134.8 406.88 374.01 207.69 40000 40 6 0 0 0 1
561 1 883.47 988.4 863.01 1025.4 1045.2 175.87 156.32 453.23 457.83 249.66 20000 20 5 1 0 0 0
562 2 743.41 919.35 851.71 885.46 1188.4 147.6 166.56 399.06 401.93 210.69 20000 40 6 0 0 1 0
563 1 844.66 999.01 902.7 1098.5 1302.3 210.42 189.14 563.82 479.2 275.79 40000 60 2 1 0 0 0
564 1 895.04 1029.5 827.14 1136.9 1165.4 204.21 176.57 554.1 475.1 259.19 70000 40 7 1 0 0 0
565 1 746.14 1036.7 818.35 913.86 1091.4 178.24 142.19 444.71 465 228.51 70000 20 4 1 0 0 0
566 1 726.52 924.26 824.45 1116.1 1224.9 183.02 142.09 482.48 383.77 226.42 70000 40 3 0 0 0 1
567 1 736.15 928.42 825.25 1034.7 1110.1 175.32 137.26 499.37 438.76 228.93 50000 35 7 1 0 0 0
568 1 916.82 1042.4 946.03 1181.2 1344 222.62 175.92 627.4 503.12 254.03 20000 60 6 1 0 0 0
569 1 971.48 1134.7 1064.9 1259.1 1327.3 198.24 165.66 611.81 505.07 273.29 30000 35 2 0 0 0 1
570 5 569.68 682.07 628.12 593.72 760.93 115.49 77.863 344.65 384.94 154.18 30000 55 2 0 0 1 0
571 2 780.76 811.08 925.92 861.54 1069.2 182.4 152.61 466.8 383.03 219.56 70000 20 3 1 0 0 0
572 1 896 1017.4 969.47 1131.5 1199.9 199.36 173.99 583.8 471.37 276.45 50000 55 6 0 1 0 0
573 2 887.9 899.99 815.37 951.67 1105.6 167.08 190.97 458.85 472.2 224.25 40000 35 3 0 1 0 0
574 1 856.17 1071.5 1000 1048.2 1079.7 190.45 162.04 449.67 419.46 221.72 50000 65 2 1 0 0 0
575 1 919.57 1013.4 919.02 1037 1136.4 156.25 143.63 527.27 414.96 203.11 20000 60 5 0 1 0 0
576 1 605.18 606.7 766.1 757.2 861.97 168.55 137.43 369.33 288.13 190.29 60000 40 5 1 0 0 0
577 1 672.3 751.91 846.55 810.7 989.61 148.63 120.75 369.28 443.54 203.29 30000 35 6 0 1 0 0
578 3 691.06 762.96 700.38 934.52 898.96 174.21 120.1 392.54 395.83 195.52 60000 60 6 0 1 0 0
579 1 896.39 1053.5 799.33 993.46 1161.6 200.66 173.81 535.26 521.85 231.55 20000 35 7 0 0 1 0
580 1 630.94 675.67 659.25 1015.9 866.1 157.65 147.04 384.05 359.44 182 70000 65 2 0 0 0 1
581 2 611.98 709.22 724.91 683.67 787.88 144.17 133.3 358.76 323.18 164.86 40000 65 4 0 1 0 0
582 3 920.07 949.4 943.57 1081.9 1076.3 198.1 162.1 451.49 430.16 242.62 40000 30 7 0 0 0 1
583 1 673.76 798.24 687.8 797.03 1022.8 163.52 151.16 391.04 420.65 205.16 60000 25 3 1 0 0 0
584 4 897.86 1163.6 1003.5 956.89 1241.6 209.7 172.71 525.14 515.94 267.42 60000 35 4 0 0 1 0
585 4 798.79 885.19 852.25 1008.5 1019.5 175.54 152.68 410.02 395.87 242.74 30000 45 7 0 0 1 0
586 2 853.31 1160.8 991.77 1122.2 1264.2 165.23 185.63 533.47 524.81 229.48 40000 65 7 0 0 1 0
587 1 675.49 760.82 870.9 886.29 1056.2 166.62 176.97 432.52 401.39 198.16 70000 20 3 0 1 0 0
588 1 693.2 691.85 607.29 910.01 798.76 132.81 115.26 377.67 364.05 165.97 70000 60 7 1 0 0 0
589 1 707.06 880.76 799.1 1002.9 975.85 167.93 157.28 468.58 418.11 214.65 40000 25 2 1 0 0 0
590 1 895.24 1177.1 933.87 1130.3 1248.6 220.64 168.83 599.41 481.66 260.81 40000 35 7 0 0 1 0
591 2 636.36 946.1 667.37 1063.5 873.13 137.14 131.21 376.62 355.55 230.35 40000 30 5 0 1 0 0
592 3 951.08 999.54 923.39 1029.4 1135.8 183.22 153.84 454.02 487.44 227.4 20000 30 4 0 1 0 0
593 2 783.49 907.25 734.34 925.1 1012.7 168.37 139.28 510.35 405.8 227.51 30000 35 7 0 0 0 1
594 1 669.9 845.4 753.73 893.56 917.79 167.26 129.36 504.34 353.22 195.21 50000 45 3 1 0 0 0
595 1 592.06 699.12 596.48 1005.7 894.46 151.29 119.72 426.01 352.71 159.92 20000 50 3 0 1 0 0
596 1 735.59 875.56 694.29 1040.7 1266.7 169.54 142.39 435.99 338 168.24 50000 60 3 1 0 0 0
597 1 878.73 1003.6 901.7 1087.1 1229.2 186.68 169.69 486.9 561.6 272.62 60000 60 7 0 1 0 0
598 1 842.25 1036.3 909.99 1079.1 1153.9 208.55 175.98 500.3 468.7 217.05 40000 55 2 0 1 0 0
599 1 854.32 1138.7 948.98 1182.8 1277.8 187.49 177.56 571.25 482.46 257.73 30000 65 7 0 0 0 1
600 1 919 1049.6 1024.1 1023.7 1199.8 170.11 159.59 526.1 519.8 231.22 30000 60 4 1 0 0 0
601 1 846.09 1086.3 1030.7 1031.7 1266.3 205.31 164.87 505.08 488.95 214.75 40000 30 4 1 0 0 0
602 1 963.11 1038.2 986.89 908.32 1352.8 201.82 182.96 542.07 500.55 268.61 70000 30 6 1 0 0 0
603 5 709.03 864.87 671.65 689.77 850.78 148.22 127.71 447.52 386.47 185.13 50000 30 3 0 1 0 0
604 3 762.59 888.88 832.65 1075.6 1012.2 171.08 153.88 494.96 394.03 202.15 60000 40 2 0 1 0 0
605 5 776.12 997.49 843.5 1110.1 1170.4 160.17 155.76 445.74 504.77 238.74 70000 20 4 0 0 0 1
606 1 678.78 716.27 781.13 923.78 1110 194.6 132.82 447.84 400.42 242.36 60000 40 5 0 1 0 0
607 4 599.95 755.25 701.47 822.25 861.52 123.68 123.07 344.01 417.22 201.3 50000 20 5 0 0 0 1
608 1 567.86 803.25 599.87 678.64 890.78 132.41 136.79 357.68 297.94 154.44 70000 60 4 0 0 1 0
609 4 736.5 1045.1 839.24 1034.4 1032.6 171.54 158.75 568.66 354.9 263.83 40000 25 5 0 1 0 0
610 1 667.62 889.2 806.49 1043.5 1008.4 161.14 151.57 522.26 458.95 199.1 20000 60 4 0 1 0 0
611 1 704.88 690.11 790.69 881.62 933.53 176.24 153.31 482.57 422.68 238.48 50000 20 2 1 0 0 0
612 3 706.46 786.85 558.64 795.62 813.62 148.85 147.07 352.26 379.53 211.81 60000 20 4 0 1 0 0
613 1 894.15 841.72 804.85 921.54 957.58 180.7 132.07 428 466.39 212.22 40000 45 7 0 0 0 1
614 1 644.33 740.44 841.37 940.62 894.23 173.19 122.65 468.92 430.09 196.45 40000 60 6 1 0 0 0
615 4 587.98 744.61 678.98 876.22 878.81 135.8 136.21 432.79 361.2 160.16 60000 35 6 1 0 0 0
616 1 753.94 832.92 727.37 839.94 955.64 147.51 144.51 471.73 363.96 208.34 60000 45 2 0 1 0 0
617 2 756.01 956.91 950.21 1029.5 1060.3 193.32 138.81 548.73 420.13 241.82 40000 25 5 0 1 0 0
618 1 836.9 1069.1 959.17 1147.5 1286 201.69 199.23 568.68 457.56 250.41 40000 50 3 0 0 0 1
619 2 702.91 956.59 697.07 1034.4 986.12 178.2 150.89 445.15 416.42 199.64 30000 50 7 0 1 0 0
620 2 630.8 909.53 797.56 1091 1090.3 181.6 169.8 459.91 464.42 240.97 30000 40 5 0 0 0 1
621 1 842.23 1072 875.6 1115.1 1370.6 196.33 183.24 559.18 481.84 232.01 50000 55 7 0 1 0 0
622 1 921.07 1090.3 929.69 1134.9 1309.4 209.88 191.11 557.43 493.68 248.63 40000 50 5 0 1 0 0
623 5 807.62 920.13 966.37 1047.1 1050 186.07 164.79 493.3 466.54 220.55 20000 55 3 0 1 0 0
624 4 968.45 861.71 855.22 812.56 1048.7 171.79 165.81 520.51 434.05 229.32 70000 25 5 0 1 0 0
625 1 791.25 931.35 1012.5 1035.7 1151.5 204.7 176.59 513.31 473.32 269.95 30000 30 4 0 0 0 1
626 1 889.86 985.64 989.95 1058.1 1075.5 181.71 154.5 535.59 504.26 259.65 40000 60 3 1 0 0 0
627 1 930.93 969.88 989.43 1007.7 1218.5 185.75 179.72 544.74 598.36 284.98 70000 40 3 0 1 0 0
628 1 800.77 863.61 889.8 1149.9 1096.4 192.28 127.16 492.96 444.5 208.06 30000 25 5 0 0 0 1
629 5 703.88 905.03 752.04 857.2 896.84 133.87 149.02 465.01 393.92 152.58 40000 60 5 1 0 0 0
630 5 826.73 1008.1 898.96 1080.8 1100.8 183.11 181.08 471.82 423.51 267.19 30000 50 5 0 0 0 1
631 4 777.62 1033.3 957.5 1046.1 1390.3 223.72 188.48 535.42 469.46 234.31 50000 25 6 0 0 0 1
632 1 642.43 906.52 855.12 1041.3 962.08 150.93 151.02 469.75 434.82 232.29 60000 55 2 0 0 1 0
633 1 611.58 927.2 734.98 787.26 1062 152.59 132.76 511.49 416.86 237.79 20000 25 3 0 0 0 1
634 1 857.84 900.82 916.63 1044.4 1176.5 228.34 174.82 519.9 509.15 271.01 30000 35 6 1 0 0 0
635 4 722.55 891.89 715.17 864.59 871.77 168.16 144.6 377.48 354.56 202.35 30000 45 6 0 1 0 0
636 1 855.49 998.71 935.99 1140.6 1180 196.81 166.37 520.81 457.38 241.65 50000 35 4 0 1 0 0
637 4 804.4 903.54 742.38 790.9 961.02 138.35 171.36 472.2 387.15 181.62 50000 45 2 0 1 0 0
638 2 958.27 1136.7 1031.9 1349.1 1255.8 210.57 187.21 597.92 521.36 254.63 60000 35 6 1 0 0 0
639 2 775.28 924.35 893.72 962.02 1091.8 172.06 167.11 461.09 432.55 237.98 70000 35 7 1 0 0 0
640 3 829.51 1043.9 963.27 1022.8 1198.8 189.62 157.54 412.59 460.32 241.95 40000 30 5 0 0 1 0
641 5 885.93 992.28 929.64 956.26 1117.1 186.08 178.77 581.59 482.94 247.29 70000 55 7 0 0 1 0
642 1 675.55 697.83 585.57 893.77 872.03 163.5 127.55 399.65 357.16 188.6 60000 50 5 0 0 0 1
643 1 842.6 890.04 750.95 928.03 920.14 134.33 161.83 478.52 463.4 206.17 40000 40 3 1 0 0 0
644 1 609.83 903.63 812.22 809.48 851.15 120.1 154.66 320.93 361.48 198.87 70000 65 6 0 1 0 0
645 1 647.73 894.4 758.11 888.6 936.23 145.75 114.13 334.65 299.47 212.54 30000 65 6 0 1 0 0
646 1 940.11 1137.5 743.61 1148.6 1121.2 176.97 169.89 531.48 457.97 238.24 70000 65 3 1 0 0 0
647 1 723.83 806.87 843.75 1032.6 970.09 164.17 136.46 493.24 405.83 190.9 40000 20 7 0 1 0 0
648 1 777.97 995.99 832.71 1060.5 986.89 187.42 155.9 402.13 454.66 230.29 50000 60 4 1 0 0 0
649 1 795.93 921.56 883.66 941.14 995.73 173.79 155.82 484.65 413.23 212.25 20000 55 2 0 1 0 0
650 2 743.64 999.02 659.89 868.58 997.42 162.18 162.48 377.8 428.54 198.23 70000 40 4 0 1 0 0
651 1 903.95 1038.1 862.05 1090.6 1044.6 147.97 165.05 458.22 413.57 215.13 50000 35 2 1 0 0 0
652 1 675.86 846.26 713.58 840.77 980.14 125.42 133.53 404.25 438.52 179.65 50000 45 3 0 0 0 1
653 1 643.95 696.78 674.08 768.89 1101.8 145.32 135.53 409.82 359.36 169.72 70000 65 3 1 0 0 0
654 1 742.98 928.89 903.33 954.37 1025.3 155.19 140.73 434.41 477.42 227.97 30000 40 2 0 1 0 0
655 2 899.08 1008.2 971.93 1147 1227.4 192.6 172.26 494 474.98 261.52 40000 55 2 0 0 0 1
656 5 803.73 985.13 869.19 992.79 1071.3 183.14 174.88 553.14 473.84 226.25 60000 30 5 0 0 0 1
657 1 758.45 909.5 759.99 1002.5 1078.5 159.94 126.98 371.27 439.96 213.4 20000 20 5 0 0 0 1
658 4 820.05 935.95 1001.4 983.94 1143.3 158.13 149.85 477.79 454.57 211.64 40000 30 6 0 0 0 1
659 4 872.59 937.99 890.89 959.85 1043.4 147.32 148.45 563.66 427.27 232.72 60000 25 3 0 0 0 1
660 3 676.39 689.08 691.08 963.57 874.4 138.08 133.48 416.76 353.6 214.67 30000 65 6 0 1 0 0
661 1 786.8 1086 1000.2 1141.8 1064.3 209.64 181.86 545.33 493.47 287.41 70000 60 7 0 0 0 1
662 1 910.74 954.3 928.53 1015.8 1048.8 188.52 181.48 491.62 453.93 274.26 30000 35 6 0 0 1 0
663 1 581.17 693.59 744.26 835.2 823.61 148.42 135.36 411.76 367.7 177.07 20000 40 3 0 1 0 0
664 1 619.49 755.03 769.61 546.82 789.78 140.08 132.18 319.1 368.98 181.11 70000 60 5 0 1 0 0
665 4 947.79 877.02 695.65 1110.7 1128.4 158.67 160.17 494.31 435.7 220.54 40000 35 2 0 0 0 1
666 4 845.77 1139.8 925.62 1155 1432.1 221.06 165.22 571.15 516.58 236.98 60000 55 6 1 0 0 0
667 2 609.8 689.09 540.34 808.75 787.23 145.41 108.11 428.02 443.07 209.65 50000 60 3 0 1 0 0
668 1 672.21 722.94 756.41 750.42 812.24 183.95 117.15 392.05 313.18 187.57 30000 55 6 1 0 0 0
669 1 595.35 816.93 783.54 717.88 826.26 137.9 133.47 433.12 397.52 192.95 60000 65 2 1 0 0 0
670 1 693.18 856.47 898.77 1068.3 984.17 162.64 149.26 437.47 395.29 198.91 30000 40 4 0 0 1 0
671 1 860.56 961.14 967.99 1038.8 1089.9 183.07 171.3 557.5 430.4 238.55 30000 50 4 0 0 1 0
672 1 919.09 944.3 886.9 1071.4 1205.6 190.12 171.39 531.35 445.55 229.34 60000 40 6 0 1 0 0
673 1 894.8 968.38 847.18 1006.7 1079.8 171.38 181.73 508.04 455.37 201.83 40000 40 5 0 1 0 0
674 1 628.61 845.36 849.72 769.29 910.31 162.06 129.58 332.26 353.19 228.16 40000 50 7 0 1 0 0
675 1 785.96 1005.4 856.24 1070.4 1247.9 183.03 185.13 564.5 482.15 238.53 20000 35 3 0 1 0 0
676 3 693.74 995.11 642.63 731.88 764.26 154.09 122.4 412.34 326.78 165.63 50000 55 5 0 0 0 1
677 1 774.86 916.92 866.05 1015.1 979.96 137.55 148.29 485 358.62 218.84 40000 55 2 1 0 0 0
678 2 832.33 950.04 1055.4 810.16 1184.7 152.64 161.81 519.26 436.89 221.39 60000 60 4 0 1 0 0
679 3 699.28 833.54 697.8 796.53 877.5 140.61 130.33 424.96 380.75 208.88 60000 30 3 0 1 0 0
680 1 964.55 1076.4 908.76 847.51 1243.5 172.97 159.01 508.06 498.2 238.44 70000 25 3 0 0 0 1
681 1 597.98 805.99 647.81 755.58 787.13 126.78 114.09 398.59 328.74 199.78 40000 65 2 0 1 0 0
682 1 902.31 970.22 936.67 1081.3 1118.8 182.4 147.81 476.52 483.74 222.65 20000 50 5 0 1 0 0
683 4 703.55 733.99 728.42 721.17 865.1 141.15 149.97 467.25 374.05 192.44 40000 25 5 0 1 0 0
684 1 992.59 1268.2 1071.6 1211.3 1337.3 208.11 190.44 558.45 514.35 261.85 40000 60 4 0 1 0 0
685 2 708.31 1081.3 841.01 882.97 1154.7 175.8 151.72 492.38 435.43 215.96 30000 60 5 0 0 1 0
686 5 874.42 956.61 872.52 1070.3 1173.1 198.63 145.68 567.42 455.55 233.05 70000 50 7 0 1 0 0
687 1 613.79 988.96 811.59 918.63 897.44 164.8 121.27 452.76 385.36 209.28 70000 30 3 0 1 0 0
688 4 722.62 823.51 832.83 980.37 961.27 159.51 153.24 541.93 409.15 215.69 50000 20 7 0 1 0 0
689 1 769.08 935.43 805.93 1055.3 925.48 163.88 125.71 456.94 497.21 214.82 60000 60 6 1 0 0 0
690 2 723.49 862.54 804.09 948.8 988.55 170.58 137.81 481.27 434.92 211.73 50000 55 4 0 0 0 1
691 1 729.01 901.56 757.29 1057.2 1179.1 159.26 146.82 533.54 432.11 223.69 60000 40 4 0 0 1 0
692 2 741.37 957.68 806.64 1035.7 989.46 153.42 174.08 522.26 382.73 202.38 30000 50 4 0 0 0 1
693 1 786.69 980.37 989.91 934.7 1117.4 190.46 174.04 570.33 480.18 263.63 70000 30 2 1 0 0 0
694 1 797.65 883.95 735.66 935.97 797.98 170.57 150.91 438.26 452.58 186.55 50000 50 4 0 1 0 0
695 1 913.19 1086.6 986.63 1037.5 1126.5 181.13 157.94 506.68 468.43 257.94 70000 50 6 0 1 0 0
696 4 828 954.03 942.38 763.22 1009.9 194.11 165.31 502.01 453.72 229.6 50000 40 5 0 1 0 0
697 1 753.77 998.17 864.34 941.28 1070.6 187.31 138.31 456.14 420.42 225.14 50000 40 6 1 0 0 0
698 4 824.96 757.3 651.13 903.4 991.34 147.9 135.63 471.63 442.74 165.32 40000 60 5 0 0 1 0
699 1 742.91 1083.6 903.5 1010.3 1091.2 161.72 149.13 494.86 419.83 234.18 50000 65 4 0 0 0 1
700 1 802.47 875.83 859.43 1079.4 1125.8 187.45 147.47 509.41 467.43 218.59 40000 20 2 0 1 0 0
701 1 643.26 710.16 769.25 989.82 932.94 178.94 151.65 407.04 405.88 176.83 70000 55 3 0 0 0 1
702 1 1041.9 1204.8 954.01 1182.3 1377.1 174.84 199.18 564.59 522.89 228.67 60000 65 5 0 1 0 0
703 1 618.67 871.76 813.74 995.25 927.47 147.06 130.46 429.65 355.19 168.67 20000 35 2 0 0 0 1
704 1 733.83 909.52 892.58 936.07 1053.8 181.58 163.71 415.35 515.09 252.65 50000 40 2 1 0 0 0
705 1 907.2 951.39 931.25 1165.6 1084.8 199.46 167.06 559.28 516.85 255.89 50000 55 2 0 0 0 1
706 1 782.29 949.53 894.27 885.07 1104.3 171.62 159.7 442.37 427.36 227.49 70000 65 6 1 0 0 0
707 1 971.94 1007.1 953.21 1126.4 1096.6 192.59 163.23 553.71 506.31 232.09 40000 65 4 1 0 0 0
708 5 994.94 1134.2 997.82 1147.5 1254.2 182.99 188.78 571.47 518.61 250.21 70000 45 3 0 0 0 1
709 1 854.65 1028 1014.3 1125.5 1228.7 175.7 170.13 481.12 480.82 226.22 60000 35 7 0 0 0 1
710 1 764.61 779.63 810.73 955.16 1175 177.66 151.56 415.32 424.2 188.03 50000 40 5 1 0 0 0
711 1 863.04 1043.1 990.83 1178.9 1314.1 189.02 155.69 491.37 505.48 244.85 70000 65 3 0 1 0 0
712 1 571.89 733.41 797.85 770.68 877.64 134.6 144.22 375.86 372.92 215.11 70000 45 2 0 1 0 0
713 1 715.32 711.33 856.09 803.48 858.88 165.67 119.85 390.37 399.72 211.01 60000 35 3 1 0 0 0
714 4 836.39 917.48 909.6 957.06 1121.3 174.59 185.39 472.7 420.36 242.65 70000 40 2 0 1 0 0
715 1 907.17 911.74 865.73 1148.8 1255 185.81 174.02 430.49 482.67 205.02 60000 35 2 0 1 0 0
716 3 1039 1084.2 961.1 1051.9 1141.1 199.83 149.39 511.18 500.78 266.56 20000 50 6 0 0 0 1
717 1 666.31 819.6 693.62 961.04 931.17 136.34 134.26 406.13 428.97 191.15 70000 65 4 1 0 0 0
718 1 791.76 911.11 1025.5 1137.6 1116.2 185.23 169.74 455.78 499.5 256.81 50000 60 5 1 0 0 0
719 2 911.12 1100.3 1105.2 1204.4 1198.5 183.82 180.55 548.65 455.56 252.56 30000 55 2 1 0 0 0
720 3 927.58 1056.7 879.19 1217.2 1279 209.43 154.05 575.97 502.16 264.5 40000 50 3 0 1 0 0
721 2 796.63 1068.7 908.63 951 1126.3 200.82 179.5 578.14 476.69 255.8 70000 65 4 0 0 0 1
722 1 654.39 767.29 727.02 919.33 859.35 135.32 110.76 370.23 313.96 197.28 50000 45 7 0 1 0 0
723 1 695.16 836.18 797.01 1033.8 989.72 161.87 118.52 473.35 341.09 203.17 30000 30 7 0 1 0 0
724 1 731.04 835.16 745.47 888.24 1020.2 174.85 144.33 426.45 421.85 227.45 20000 25 6 1 0 0 0
725 2 642.31 831.22 809.28 983.48 532.32 152.53 138.43 397.97 343.45 187.84 20000 50 7 0 1 0 0
726 2 1017 1143.4 1159.3 1360.1 1312.1 215.5 205.71 598.1 536.89 303.63 60000 30 3 0 0 0 1
727 1 703.64 728.62 756.24 693.3 1041.1 167.71 150.25 408.16 349.93 200.16 30000 65 2 0 0 1 0
728 2 924.57 1000.9 954.62 984.76 1166.1 201.8 162.97 553.42 409.48 232.46 60000 25 3 0 1 0 0
729 1 803.4 898.97 819.22 1011 1069.2 198.2 166.45 441.6 499.26 240.53 50000 25 6 1 0 0 0
730 1 659.4 985.27 712.96 1061.7 1113.8 152.6 141.56 416.75 428.23 226.34 30000 55 3 1 0 0 0
731 1 981.38 954.73 948.08 1178 1430.2 214.81 190.84 526.84 562.91 288.67 20000 60 6 0 1 0 0
732 1 852.54 883.88 861.77 941.51 1173.3 177.59 158.2 513.62 473.26 226.05 70000 35 2 0 0 1 0
733 1 765.75 867.64 758.1 940.57 915.45 148.34 135.3 487.46 402.88 241.5 70000 45 4 1 0 0 0
734 4 721.69 1115.1 883.04 857.93 916.53 167.89 160.32 450.27 466.69 230.16 50000 20 5 0 1 0 0
735 5 738.5 1020.6 870.75 1007.3 1012.2 159.97 166.46 515.21 484.83 253.63 20000 30 7 0 0 1 0
736 2 846.48 1127.2 860.79 1023.3 1190.8 190.04 164.06 538.42 457.65 239.17 30000 60 3 1 0 0 0
737 1 850.5 870.88 808.62 1139.4 1101.6 196.08 157.05 467.04 510.48 215.36 30000 45 7 1 0 0 0
738 1 722.37 896.46 754.96 942.35 944.47 171.3 136.78 407.08 419.32 194.23 40000 65 7 1 0 0 0
739 5 1023.3 1009.5 1012.9 1118.8 1381.4 221.8 190.81 583.31 470.65 216.23 50000 40 5 0 1 0 0
740 3 765.05 885.92 883.34 1154.8 1166.5 161.63 147.8 398.65 428.15 217.71 70000 45 7 0 0 0 1
741 2 809.78 935.83 884.08 959.6 1001.5 186.24 162.86 478.36 484.51 250.86 20000 20 6 1 0 0 0
742 1 899.85 957.74 1124.9 1011.1 1372.5 207.96 166.53 515.79 489.4 282.39 60000 60 6 1 0 0 0
743 4 877.52 1008.3 909.68 1026.8 1166.3 188.23 159.82 484.21 463.4 248.73 40000 65 2 1 0 0 0
744 4 723.03 1020.2 709.61 1051.6 918.79 156.56 153.94 462.83 380.57 208.17 20000 65 3 0 0 0 1
745 1 970.14 1100.6 1189.1 1496.3 1534.6 241.5 183.71 679.9 593.42 279.37 60000 25 2 0 0 1 0
746 1 647.88 905.06 828.14 766.75 979.1 162.48 138.43 381.25 415.36 192.09 70000 45 6 0 1 0 0
747 1 738.82 829.23 838 946.19 1088.3 165.59 143.75 471.89 335.3 180.79 60000 30 5 1 0 0 0
748 1 834.45 945.29 885.4 1078.5 1119.6 215.72 167.75 523.65 473.72 243.39 60000 20 7 0 0 0 1
749 3 779.42 971.71 840.43 1148.6 1055 214.04 135.88 465.6 465.29 220.21 30000 55 7 1 0 0 0
750 1 817.14 906.93 743.24 814.41 1000.2 201.88 149.85 428.83 468.32 237.08 60000 25 2 0 0 0 1
751 1 774.65 897.12 830.14 1043.7 1127 165.77 152.65 439.12 452.19 223.51 30000 55 3 0 1 0 0
752 3 563.66 632.1 596.88 838.83 810.85 133.47 115.16 386.58 293.31 168.94 50000 55 5 0 1 0 0
753 1 750.16 726.23 738.92 833.76 1031 175.99 128.14 370.55 452.26 166.76 20000 40 2 1 0 0 0
754 2 563.94 825.67 758.61 823.93 942.81 150.56 140.7 413.99 369.81 192.58 30000 50 2 1 0 0 0
755 1 600.16 872.89 705.72 712.82 800.38 140.33 137.63 423.45 401.41 183.47 50000 20 4 0 0 1 0
756 1 953.29 1205.1 1067.8 1171.7 1238.5 198.14 167.6 538.21 503.69 260.88 40000 30 3 0 0 1 0
757 1 741.79 977.64 789.4 928.16 1056.3 194.09 174.41 376.77 428.84 235.44 70000 60 3 1 0 0 0
758 1 908.26 1205 968.98 1367.6 1328.3 213.75 199.23 668.13 504.02 271.79 70000 45 4 1 0 0 0
759 2 807.54 1102.4 902.57 1021.7 986.77 165.48 153.56 490.53 425.43 196.19 50000 25 3 0 1 0 0
760 2 663.54 744.82 713.51 981.98 934.65 133.08 117.91 440.87 367.44 207.86 40000 30 7 1 0 0 0
761 1 788.48 961.79 769.75 987.65 959.09 146.92 153.93 461.15 480.86 221.63 30000 30 3 0 0 0 1
762 1 938.31 914.76 809.28 899.95 1248.1 182.64 191.49 532.15 543.52 224.58 50000 60 2 0 1 0 0
763 1 869.95 1099.3 1064.8 1047.5 1288.1 205.93 189.54 578.49 466.94 281.24 50000 50 7 0 1 0 0
764 2 905.46 1087.3 1088.9 1210 1352.7 199.04 225.95 607.6 530.36 286.59 60000 50 2 0 1 0 0
765 1 898.55 1100.6 953.25 1168.1 1270.5 201.1 181.55 575.85 487.85 264.17 30000 20 4 0 1 0 0
766 1 910.25 1021.9 975.47 1210.7 1124.2 201.03 178.04 539.38 561.11 257.61 30000 65 3 0 1 0 0
767 1 766.35 792.26 739.3 989.9 848.17 179.25 136.1 492.5 397.71 221.2 50000 50 5 0 1 0 0
768 4 642.85 833.52 683.59 935.29 1132.2 171.02 145.83 487.95 405.26 205.31 60000 40 2 0 1 0 0
769 5 695.41 898.61 762.3 824.84 736.83 129.24 135.99 405.37 312.14 148.85 50000 60 6 1 0 0 0
770 3 958.72 921.9 829.64 1015.9 1009.8 191.02 166.56 525.43 399.94 234.13 70000 45 4 0 1 0 0
771 1 711.19 811.49 678.08 1121 978.27 158.37 169.19 480.76 445.33 211.43 60000 65 4 0 1 0 0
772 1 915.64 1130.8 1132.1 1174.5 1372.3 238.99 164.92 573.76 460.89 231.5 60000 30 2 0 0 0 1
773 1 1034.8 1221.7 927.19 1089.5 1141.7 199.33 181.18 544.07 504.26 283.32 30000 40 6 1 0 0 0
774 1 908.45 1032.8 850.24 1116.4 1344.3 205.98 187.58 542.55 451.41 261.15 20000 65 2 1 0 0 0
775 1 779.19 973.96 920.17 1050.6 1037.7 175.83 162.94 503.23 433.13 229.65 40000 65 7 0 1 0 0
776 1 937.92 1013.5 871.7 910.56 1188.1 189.62 171.74 537 454.44 257.41 20000 30 7 0 1 0 0
777 1 766.2 921.02 923.98 1069.6 1005.6 158.75 157.81 514.08 453.65 182.01 70000 50 4 0 0 0 1
778 4 809.99 1000.5 724.22 993.27 925.79 147.32 134.42 426.39 438.48 208.01 40000 55 3 0 1 0 0
779 5 619.41 667.52 634.18 777.28 859.37 157.78 149.96 355.96 365.46 193.41 20000 25 7 0 0 0 1
780 1 823.28 963.3 778.44 1150.1 1141.2 184.27 173.29 535.15 494.24 226.52 70000 45 4 0 1 0 0
781 1 864.49 918.9 829.65 1038.7 1189.1 189.19 152.41 495.54 499.11 250.47 30000 30 3 0 0 0 1
782 3 657.54 754.02 653.52 911.5 873.13 140.51 129.65 380.29 328.82 211.82 70000 60 3 0 0 0 1
783 1 1067.1 1218.5 1084.7 1275.4 1353.1 213.74 195.56 588.45 664.43 274.43 20000 60 5 1 0 0 0
784 4 637.85 881.3 866.22 906.27 1130.2 177.58 142.25 500.39 419.63 201.54 40000 35 5 0 0 0 1
785 1 1041.9 1176.5 1104.4 1416.7 1349.7 247.56 189.67 663.64 571.55 305.52 40000 60 7 0 1 0 0
786 1 711.16 835.13 747.36 845.54 887.49 169.54 137.23 405.33 374.78 216.15 20000 50 7 0 0 0 1
787 3 902.25 943.76 802.2 1003.1 1105.6 183.39 157.77 511.61 468.07 219.09 40000 35 5 0 0 0 1
788 1 431.83 674.98 655.31 891.1 702.08 131.46 117.56 366.28 352.3 184.56 30000 25 5 1 0 0 0
789 2 782.83 911.72 745.85 919.38 842.63 170.76 150.36 422.17 397.85 198.98 50000 25 4 0 0 1 0
790 1 708.57 954.36 775.23 854.6 983.98 130.29 145.34 425.27 440.23 213.15 50000 55 4 0 1 0 0
791 1 613.98 651.09 777.17 825.66 853.6 149.04 110.75 345.02 372.95 185.27 30000 20 4 1 0 0 0
792 2 940.8 1104.6 974.98 1122.1 1351.7 186.18 163.61 548.6 569.89 264.35 30000 60 6 0 0 0 1
793 2 820.6 1010.3 861.16 1022.7 1106.5 214.38 169.17 569.53 481.63 251.42 40000 45 3 0 1 0 0
794 5 632.57 727.57 542.66 835.91 652.9 137.13 124.59 317.25 335.01 171.6 70000 55 7 0 0 1 0
795 1 810.99 925.52 924.5 1084.8 1085.5 178.13 153.2 430.9 387.32 254.87 20000 30 7 0 1 0 0
796 2 727.93 681.65 583.76 658.38 912.4 132.35 155.09 352.96 354.07 223.5 60000 30 2 1 0 0 0
797 1 873.49 982.03 944.95 1147.2 1257.8 165.72 153.38 474.58 430.36 259.75 20000 55 6 0 0 1 0
798 3 647.76 772.11 708.19 757.77 878.33 143.09 122.1 368.24 324.3 177.31 30000 50 4 0 0 1 0
799 1 767.34 881.08 711.34 794.42 1046.7 148.97 149.03 502.98 384.54 202.2 50000 40 2 0 1 0 0
800 2 735.47 967.45 904.8 933.16 1072.7 151.18 156.96 483.65 370.01 212.24 70000 20 7 0 0 1 0
801 1 812.28 881.62 832.63 965.96 1012.2 173.61 155.83 556.88 434.92 206.75 60000 55 7 0 1 0 0
802 5 831.59 764.13 736.37 893.67 966.22 163.8 141.63 443.31 355.84 202.34 50000 50 7 0 0 0 1
803 2 820.42 901.27 755.84 912.42 1123.6 160.34 145.76 483.7 424.58 222.98 70000 35 7 1 0 0 0
804 2 739.45 785.7 932.63 1123.3 1125.1 150.59 159.16 396.5 374.4 205.1 60000 30 2 0 1 0 0
805 1 830.77 893.32 877.49 1140.7 1109.3 196.62 162.91 537.49 491.18 251.42 30000 20 4 1 0 0 0
806 1 811.28 1091.4 835.05 894.26 979.27 175.73 155.85 520.52 382.4 255.28 40000 20 2 0 0 1 0
807 1 832.41 1002.1 894.63 1173.7 1003.9 194.76 173.94 553.7 443.7 237.55 30000 35 5 0 1 0 0
808 4 687.04 787.06 738.95 762.06 957.76 155.77 130.21 332.99 421.8 217.58 20000 45 3 1 0 0 0
809 1 596.99 759.04 729.29 859.23 878.32 144.67 145.49 424.31 374.71 200.71 70000 25 5 0 1 0 0
810 1 477.22 736.96 728.25 803.77 777.8 132.51 115.46 361.91 333.79 177.32 60000 30 6 0 0 1 0
811 4 554.59 640.95 727.56 825 659.38 138.58 125.61 341.15 298.12 152.14 30000 50 2 1 0 0 0
812 1 781.44 1003.5 856.33 1131.5 1139 188.15 168.15 435.37 480 211.6 30000 25 6 0 1 0 0
813 1 948.78 1232.6 1170.2 1417.8 1366.3 217.01 222.81 678.67 608.93 318.58 30000 35 7 1 0 0 0
814 2 690.82 788.14 677.33 912.44 957.04 151.76 134.12 413.43 441.56 187 30000 30 2 1 0 0 0
815 3 710.95 705.41 769.68 766.79 816.69 155.65 147.03 490.98 399.15 189.08 70000 50 6 0 1 0 0
816 1 849.1 1114.1 917.17 1034.7 1094.9 185.74 156.82 569.65 503.07 245.06 30000 45 2 0 0 0 1
817 1 530 769.92 729.99 653.97 833.33 147.85 127.44 416.81 283.8 181.93 60000 20 6 1 0 0 0
818 2 966.81 1062.9 906.88 1183.1 1112.5 166.78 185.52 498.23 468.62 263.42 30000 25 5 0 0 0 1
819 1 774.51 826.82 787.11 865.21 993.97 140.73 151.19 443.29 452.03 208.96 60000 50 6 0 1 0 0
820 1 475.79 872.64 758.53 704.74 828.3 132.84 134.7 374.5 352.15 176.57 60000 25 7 0 0 0 1
821 4 946.66 1072.4 891.55 1012.5 1228.5 179.89 138.92 550.17 441.89 203.62 40000 35 3 0 0 1 0
822 1 877.2 1097.9 1056.2 1263.4 1310.8 199.04 194.55 612.83 542.87 257.58 30000 30 2 1 0 0 0
823 2 621.16 931.71 765.5 1057.5 997.07 170.4 128.13 549.13 356.09 220.93 50000 65 4 0 1 0 0
824 1 689.46 964.8 935.82 1023.5 942.02 184.84 131.14 494.34 542.33 251.12 50000 40 2 0 1 0 0
825 1 660.44 747.48 654.82 622.99 808.06 139.85 140.47 322.45 367.1 173.95 60000 50 7 0 1 0 0
826 1 1063 1270.2 1060.4 1304.7 1216.8 191.84 206.01 551.32 589.81 283.11 70000 40 3 1 0 0 0
827 1 830.48 1194.7 904.44 1078.2 1255.5 194.03 174.34 508.9 468.3 263.26 60000 25 3 0 1 0 0
828 5 726.24 726.99 754.59 972.28 864.3 176.77 136.87 328.42 338.7 201.13 60000 20 2 1 0 0 0
829 4 804.87 840.49 877.16 1050.2 1157.3 189.26 165.84 492.06 414.36 232.99 50000 50 5 0 1 0 0
830 1 793.66 901.97 705.33 907.67 948.44 177.64 140.32 497.8 417.63 215.16 40000 40 2 1 0 0 0
831 1 808.69 991.35 907.46 907.25 991.34 175.92 154.79 472.23 400.73 220.88 60000 50 6 0 1 0 0
832 1 860.04 1018.6 1035.7 1017.8 1116.2 192.27 170.56 507.55 459.52 274.98 40000 40 6 1 0 0 0
833 1 796.59 922.45 778.12 985.2 1042.6 182.61 146.43 474.3 469.55 205.23 40000 55 7 0 0 0 1
834 1 781.83 1029.5 952.24 891.76 1093.4 172.67 166.61 502.64 471.25 253.39 20000 65 5 0 1 0 0
835 2 949.51 1049.6 987.31 1157.5 1170.5 198.34 180.18 511.79 515.98 290.36 40000 45 7 0 1 0 0
836 1 723.49 979.76 710.32 910.15 912.83 192.59 159.59 449.31 431.4 226.68 20000 65 2 0 0 0 1
837 4 723.83 903.86 813.24 809.95 925.73 124.44 136.58 397.69 456.81 179.2 30000 25 7 0 1 0 0
838 1 789.32 898.37 915.55 1105.8 906.63 177.37 141.03 464.41 456.11 202.36 30000 40 3 1 0 0 0
839 4 802.93 872.17 832.4 993.83 1078.7 161.34 143.51 427.65 419.13 215.73 20000 35 7 1 0 0 0
840 3 708.11 845.66 690.63 890.9 962.38 163.56 143.39 399.7 364.47 208.75 70000 35 7 1 0 0 0
841 1 929.63 1046 924.76 1175.6 1112.1 171.22 175.77 591.39 498.88 260.64 60000 45 5 1 0 0 0
842 1 839.87 905.45 782.23 979.25 1017.2 155.82 183.67 497.11 427.71 265.05 20000 35 2 1 0 0 0
843 1 983.2 1166.9 1052.2 1293.8 1341.5 226.87 190.59 619.79 532.39 282.54 60000 20 3 0 0 1 0
844 1 735.49 1070.3 915.47 1026.3 1046.4 179.62 183.75 476.87 478.02 253.8 20000 35 5 0 0 1 0
845 1 622.31 704.23 591.07 733.76 797.67 113.48 113.96 388.86 307.86 156.76 20000 30 4 0 1 0 0
846 1 555.5 696.66 580.45 777.04 886.69 157.36 116.66 338.86 324.82 157.44 60000 35 6 1 0 0 0
847 1 646.26 837.59 654.78 849.56 915.44 161.06 128.55 406.8 332.3 174.81 40000 65 4 0 0 1 0
848 2 879.67 927.71 951.81 1138.7 968.36 179.01 145.2 527.23 473.51 241.84 30000 60 2 0 0 1 0
849 1 745.67 954.98 849.29 1255.9 849 166.62 163.05 533.02 505.73 270.06 30000 55 3 0 1 0 0
850 2 745.19 776.26 752.82 845.15 814.05 147.81 152.05 411.68 409.64 192.09 30000 60 5 0 0 0 1
851 3 648.47 793.48 657.91 843.31 909.71 150.81 125.69 420.94 314.53 155.34 50000 60 4 0 1 0 0
852 1 626 766.75 645.62 931.4 985.66 157.71 159.19 429.1 424.19 190.01 70000 40 3 0 1 0 0
853 4 925.62 1026.7 818.47 1029.8 915.46 177.94 146.26 449.25 396.42 195.1 30000 25 7 0 1 0 0
854 1 827.49 1011.7 925.21 1165.4 1184.3 199.15 169.93 539.42 546.72 271.07 50000 40 6 0 1 0 0
855 1 624.08 684.38 711.15 871.97 965.76 164.85 139.61 392.77 333.96 201.45 50000 40 4 0 0 0 1
856 1 722.01 876.33 977.86 963.42 961.99 165.42 149.29 528.5 382.22 170.5 40000 60 2 0 1 0 0
857 1 760.92 1034.7 884.21 1156.5 912.78 165.12 181.12 512.44 561.26 235.69 50000 20 6 0 1 0 0
858 1 753.74 894.49 814.93 1150.3 960.73 132.03 144.71 487.89 439.69 221.9 60000 30 3 0 1 0 0
859 4 830.52 1070.3 790.7 1058 1105.5 179.03 150.59 522.26 371.87 224.94 60000 30 7 1 0 0 0
860 4 799.8 855.43 832.93 1080.6 970.78 173.56 127.75 468.98 421.12 201.57 20000 60 6 0 1 0 0
861 1 871.19 1000 869.97 1080.4 1057.3 185.92 175.46 564.6 458.06 241 30000 45 3 1 0 0 0
862 1 743.66 949.82 772.97 1042.4 1020.2 179.04 148.62 503.56 546.55 218.58 60000 55 2 0 1 0 0
863 1 883.55 942.77 861.66 973.06 1121.9 187.96 166 548.46 467.52 239.48 40000 40 4 0 0 0 1
864 1 836.6 971.42 971.8 943.57 1198.3 181.28 168.54 536.39 489.88 249.31 60000 40 7 1 0 0 0
865 1 648.85 946.86 774.22 865.61 1027.1 165.03 160.66 395.43 406.45 204.67 20000 50 5 0 1 0 0
866 3 710.05 806.49 717.59 863.93 1033.3 174.99 142.04 465.46 343.59 182.8 70000 30 5 0 1 0 0
867 1 944.4 1186.8 1068.1 1328 1429 234.88 222.44 644.72 537.88 275.04 70000 60 4 0 1 0 0
868 1 824.71 975.56 902.09 1057.7 1154.6 188.34 143.07 586.83 520.26 238.08 40000 20 5 1 0 0 0
869 1 669.94 767.82 779.6 988.55 928.26 131.08 124.81 424.11 364.14 222.49 70000 25 3 0 0 0 1
870 1 852.54 1041 956.44 1132 1090.6 202 169.01 600.36 535.72 251.82 20000 65 7 1 0 0 0
871 1 793.04 973.17 890.78 989.09 1119.6 191.91 151.93 449.53 476.67 249.48 50000 60 7 0 1 0 0
872 4 708.36 847.27 783.42 685.23 1017 139.69 128.23 490.8 403.77 177.47 60000 20 2 0 0 0 1
873 2 787.45 843.15 863.74 980.36 1045.9 182.42 159.28 535.78 401.12 234.53 40000 55 2 0 1 0 0
874 1 1057 1054 984.2 1121.1 1204 187.33 194.83 511.66 440.56 222.32 30000 55 7 0 0 1 0
875 1 712.09 851.35 689.48 840.17 1069.5 130.65 129.66 435.31 367.35 189.11 40000 55 5 0 0 0 1
876 5 691.55 838.51 896.96 966.41 1096.7 170.59 163.04 502.7 413.28 224.85 50000 30 6 0 1 0 0
877 5 800.5 995.08 838.66 1175.4 1126.4 183.02 163.9 497.31 441.66 212.41 20000 20 2 0 1 0 0
878 1 770.66 893.37 788 1117.6 1001.9 122.1 146.55 474.65 413.51 196.89 40000 65 6 0 0 0 1
879 1 983.02 1043.4 923.13 1265.8 1281.4 198.94 205.34 566.6 555.4 271.98 40000 20 4 0 1 0 0
880 1 796.82 873.23 940.1 1148.6 1094.3 167.5 166.97 569.59 368.85 214.24 50000 55 6 0 0 0 1
881 4 926.85 1161.4 993.93 1067.5 1219.5 207.64 202.06 502.32 504.76 233.26 50000 40 2 0 1 0 0
882 1 983.79 1016.2 711.93 972.16 1102.8 177.69 162.07 448.49 442.68 235.29 70000 60 5 0 0 0 1
883 1 751.76 853.43 722.87 1169.7 1026.3 149.62 138.29 525.68 345.57 215.11 50000 25 3 0 1 0 0
884 1 697.23 932.48 805.08 996.96 1092 184.94 132.89 437.34 397.86 220.93 60000 55 4 0 0 1 0
885 1 798.5 1093.7 960.95 965.23 1130.3 177.61 153.75 540.16 421.95 258.13 20000 65 3 1 0 0 0
886 1 693.9 853.18 762.37 907.4 1101.5 140.43 123.69 473.54 463.56 230.68 70000 65 4 0 0 0 1
887 3 732.54 1023.7 916.23 1067.7 1248.1 205.71 168.15 443.13 435.36 176.06 30000 60 3 0 0 0 1
888 1 839.18 1085.3 758.47 1057.3 1216.5 203.69 148.93 508.15 463.72 218.93 30000 30 5 0 1 0 0
889 1 611.29 747.01 557.39 650.59 875.92 143.8 129.98 371.8 352.11 181.66 30000 45 4 1 0 0 0
890 1 745.39 1040 982.54 1042.7 1140.2 161.38 149.6 498.78 427.34 229.06 40000 50 5 0 0 0 1
891 1 719.99 1115.4 898.36 988.99 975.32 156.39 179.26 502.82 437.41 235.25 30000 45 4 0 0 0 1
892 1 673.29 958.63 834.27 987.05 985.62 160.2 141.39 401.07 336.51 234.92 40000 45 5 0 1 0 0
893 1 838.73 842.09 822.31 1045.3 1171.9 170.34 134.44 491.85 455.63 217.91 50000 50 3 0 1 0 0
894 1 792.06 1034.6 984.25 1246.5 1218.6 183.65 166.36 544.85 489.45 242.02 30000 60 3 0 1 0 0
895 4 792.69 963.78 813.69 1064.1 1186.5 181.9 164.02 506.89 409.26 232.19 60000 45 2 0 1 0 0
896 1 766.39 877.71 751.59 869.78 942.7 142.61 136.21 474.48 420.65 203 60000 20 4 0 0 1 0
897 1 1128.5 1167.8 1047.6 1292.6 1297.1 207.4 213.77 705.36 551.61 243.76 70000 45 7 0 1 0 0
898 1 787.1 1055.2 842.79 1041.3 1064.8 175.05 141.63 478.86 448.61 254.51 50000 60 7 0 1 0 0
899 1 860.56 1081.3 799.76 1123.2 1218.2 211.04 151.31 495.2 401.56 246.48 50000 50 6 0 1 0 0
900 1 893.94 1119.9 967.88 1091.7 1387.5 175.8 180.11 518.68 458.53 245.13 20000 65 4 1 0 0 0
